Filename,Size,Unit
Maroon 5 ft.Christina Aguilera - Moves Like Jagger.MP4,143.59,M
