Filename,Size,Unit
Crack/hoh3.exe,3.46,M
HeroesofHellas3Athens.exe,149.55,M
