Filename,Size,Unit
Hardwell_-_On_Air_013-SAT-05-26-2011-TALiON/01-hardwell_-_on_air_013-sat-05-26-2011-talion.mp3,85.74,M
(09) [The Wombats] Techno Fan (Afrojack Remix).mp3,10.83,M
(03) [Hardwell] Encoded.mp3,9.03,M
(02) [Arno Cost & Arias feat. Michael Feiner] The Days To Come.mp3,8.93,M
(06) [ID] ID.mp3,8.43,M
(04) [DJ Funkadelic] Smack [Hardwell Exclusive].mp3,7.3,M
"(07) [Nadia Ali, Starkillers & Alex Kenji] Pressure (Alesso Remix).mp3",7.24,M
(11) [Hagenaar & Albrecht] Won't Let You Down (Albin Myers Remix).mp3,7.21,M
(12) [Jono Fernandez feat. Katrina Noorbergen] Hear Me (John DahlbÃ¤ck Remix).mp3,6.86,M
(05) [DJ Roog & Erick E pres. Housequake feat. Michelle David] Out Of The Dark (Nicky Romero Remix).mp3,6.81,M
(10) [Boys Will Be Boys] We Rock (TurnOFF Remix Bootleg) [Demo Of The Week].mp3,6.67,M
(08) [ID] ID.mp3,5.95,M
(01) [Hardwell On Air] Intro.mp3,584.18,K
[Hardwell] Hardwell On Air 013 (2011-05-26) [TALiON].cue,4.61,K
[Hardwell] Hardwell On Air 013 (2011-05-26) [TALiON].m3u8,693,B
[Hardwell] Hardwell On Air 013 (2011-05-26) [TALiON].m3u,689,B
