Filename,Size,Unit
MILFHunter-Natalia-Muy-Caliente-720.mp4,1.45,G
