Title,Type,Files,Size,IMDB,Spoken Languages,Texted Languages,Tags,Quality (+),Quality (-),Uploaded,By,User Type,Seeders,Leechers,Info Hash,Picture,Capture Date
Johnny Mathis (2 Christmas CDs),101,26,89.93 MiB (94296073 Bytes),,,,"""Christmas""",0,0,2011-12-15T03:14:27Z,crashlan,,2,2,187F32D1012779DACAC6942DD260082E67ED8476,,2012-05-15T03:48:21Z
