Title,Type,Files,Size,IMDB,Spoken Languages,Texted Languages,Tags,Quality (+),Quality (-),Uploaded,By,User Type,Seeders,Leechers,Info Hash,Picture,Capture Date
The Simpsons (Season 18) [320x240-MP4],206,21,1.43 GiB (1532922088 Bytes),,,,"""ts rr""",3,0,2011-07-21T16:18:41Z,The-Simpsons,[T],6,3,31CFF32786E567BB9C42F9C016CCFC7256C65E2C,http://image.bayimg.com/eajnaaadd.jpg,2012-06-15T03:27:51Z
