User Type,Username,Date,Text
,m1n2b3v4,2011-03-03T21:25Z,Thank you emnova!
