Title,Type,Files,Size,IMDB,Spoken Languages,Texted Languages,Tags,Quality (+),Quality (-),Uploaded,By,User Type,Seeders,Leechers,Info Hash,Picture,Capture Date
Extreme.Chefs.S01E02.HDTV.XviD-CRiMSON,205,29,349.09 MiB (366050367 Bytes),,,,,0,0,2011-07-01T20:49:32Z,sceneline,[V],0,1,C3979814457A8009AFB10383BE7CB9C432A92881,,2012-06-17T09:46:56Z
