Filename,Size,Unit
Bulletproof.Monk.2003.SWESUB.DVDRip.Xvid-Elionora.avi,699.9,M
www.TankaNer.com.nfo,62,B
