Filename,Size,Unit
"Komm, Fick Meine Geilen MEGA-MÃPSE!.avi",698.94,M
