User Type,Username,Date,Text
,lunaserax,2011-08-11T06:32Z,Great!  Thanks for the quick upload!
