Filename,Size,Unit
Haven.S02E01.HDTV.XviD-LOL.avi,349.54,M
