User Type,Username,Date,Text
,God23,2010-12-30T13:38Z,thank you
,rockwithsam,2011-01-01T09:15Z,hey bro can u get me the facebook hack tool its hor hacking facebook password i want tht tool plssss 
,uppers_and_downers,2011-06-03T19:46Z,thanks pardeep333 very interesting book but i visited tweakxp.com and  basically the site is extinct none of the tools work  
