User Type,Username,Date,Text
,BasilBrush,2011-11-26T16:46Z,"Kuusamo Individual (26th Nov 2011):
http://thepiratebay.org/torrent/6845321"
