Title,Type,Files,Size,IMDB,Spoken Languages,Texted Languages,Tags,Quality (+),Quality (-),Uploaded,By,User Type,Seeders,Leechers,Info Hash,Picture,Capture Date
Tonight.With.Trevor.McDonald.S13E47.A.Failing.System.WS.PDTV.Xvi,205,22,240.53 MiB (252217753 Bytes),,,,,0,0,2011-11-03T21:38:55Z,scenebalance,[V],1,0,A56814B1606A7009921B80B2B72DB8491513B2C0,,2012-05-20T03:59:03Z
