Filename,Size,Unit
folder.jpg,12.19,K
sebaygo1_TorrentsAndBlogInfo_ver2.pdf,9.33,K
What_Really_Happened_2011_11_21__1a.mp3,7.17,M
What_Really_Happened_2011_11_21__1b.mp3,8.69,M
What_Really_Happened_2011_11_21__2a.mp3,7.09,M
What_Really_Happened_2011_11_21__2b.mp3,8.65,M
What_Really_Happened_2011_11_21__playlist.m3u,164,B
WRH_2011_11_21_show_info.txt.nfo,2.86,K
