Filename,Size,Unit
30.Minutes.or.Less.2011.SWESUB.BRRip.XviD-CrilleKex.avi,617.83,M
www.shareitall.se.nfo,1.18,K
Info.txt,68,B
