Title,Type,Files,Size,IMDB,Spoken Languages,Texted Languages,Tags,Quality (+),Quality (-),Uploaded,By,User Type,Seeders,Leechers,Info Hash,Picture,Capture Date
FUCKING  My Dads Friend - Cameron Ferrari ,506,1,304.8 MiB (319607970 Bytes),,,,"""porn movies"",""xxx"",""adult films"",""hardcore"",""anal sex"",""teens"",""milfs"",""mature"",""pornstars"",""amateurs""",0,0,2011-09-01T11:59:11Z,zonerguy,,0,3,A608E97ACCC7CDF23095197DACC61E80E72C59B1,,2012-06-12T23:03:20Z
