Filename,Size,Unit
Read this before playing this Video.txt,195,B
reed.between.the.lines.s01e19.hdtv.xvid-fqm.nfo,8.79,K
reed.between.the.lines.s01e19.hdtv.xvid-fqm.r00,19.07,M
reed.between.the.lines.s01e19.hdtv.xvid-fqm.r01,19.07,M
reed.between.the.lines.s01e19.hdtv.xvid-fqm.r02,19.07,M
reed.between.the.lines.s01e19.hdtv.xvid-fqm.r03,19.07,M
reed.between.the.lines.s01e19.hdtv.xvid-fqm.r04,19.07,M
reed.between.the.lines.s01e19.hdtv.xvid-fqm.r05,19.07,M
reed.between.the.lines.s01e19.hdtv.xvid-fqm.r06,19.07,M
reed.between.the.lines.s01e19.hdtv.xvid-fqm.r07,19.07,M
reed.between.the.lines.s01e19.hdtv.xvid-fqm.r08,3.1,M
reed.between.the.lines.s01e19.hdtv.xvid-fqm.rar,19.07,M
reed.between.the.lines.s01e19.hdtv.xvid-fqm.sfv,580,B
Sample/sample-reed.between.the.lines.s01e19.hdtv.xvid-fqm.avi,8.18,M
Torrent have been downloaded from Scenetime.com.txt,195,B
