Title,Type,Files,Size,IMDB,Spoken Languages,Texted Languages,Tags,Quality (+),Quality (-),Uploaded,By,User Type,Seeders,Leechers,Info Hash,Picture,Capture Date
Baby Got Boobs - Mariah Madysinn - Striptease Shopping,506,1,235.27 MiB (246701518 Bytes),,,,"""Mariah.Madysinn"",""BabyGotBoobs"",""Baby.Got.Boobs"",""ass.lick"",""asslick"",""big.tits"",""blonde"",""blowjob"",""titty.fuck"",""oral"",""cum.tits"",""stockings"",""brazzers""",0,0,2011-06-08T05:13:29Z,beta2008x,[V],1,0,17D3F98CDEC0908243AA133C5862E3E47379470F,,2012-06-18T21:19:12Z
