Filename,Size,Unit
Little Dragon - Little Man (Live MusikhjÃ¤lpen 2011).avi,48.82,M
