User Type,Username,Date,Text
,theshwag,2011-11-16T06:54Z,Is there going to be anymore of this?
