User Type,Username,Date,Text
,You Rock!,2011-08-27T22:44Z,Thanks a TON! All your games are down & load very well. ALSO! Thanks to all you SEEDERS!!! Keep it gonin'!
,giannistsekouras,2011-10-28T14:32Z,thank you
