Filename,Size,Unit
VA-CD_Club_Promo_Only_January_2012_Part_3-2011-BFHMP3/01-lady_gaga-you_and_i_(atb_club).mp3,15.77,M
VA-CD_Club_Promo_Only_January_2012_Part_2-2011-BFHMP3/03-jerry_ropero_and_ross_paterson_feat_kash-the_real_thing_(club_mix).mp3,15.46,M
VA-CD_Club_Promo_Only_January_2012_Part_4-2011-BFHMP3/03-dionne_bromfield-foolin_(seamus_haji_remix_extended_version).mp3,15.24,M
VA-CD_Club_Promo_Only_January_2012_Part_5-2011-BFHMP3/01-aly_and_fila_feat_jwaydan-we_control_the_sunlight_(alex_m.o.r.p.h._remix).mp3,14.86,M
VA-CD_Club_Promo_Only_January_2012_Part_1-2011-BFHMP3/02-dj_shog-comeback_(original_mix).mp3,14.48,M
VA-CD_Club_Promo_Only_January_2012_Part_7-2011-BFHMP3/02-dj_shog-comeback_(original_mix).mp3,14.48,M
VA-CD_Club_Promo_Only_January_2012_Part_2-2011-BFHMP3/05-natalia_kills_feat_will.i.am-free_(the_bimbo_jones_vocal_edit).mp3,14.19,M
VA-CD_Club_Promo_Only_January_2012_Part_4-2011-BFHMP3/10-nick_terranova-and_dima_k-she_is_disco_(original_mix).mp3,13.23,M
VA-CD_Club_Promo_Only_January_2012_Part_7-2011-BFHMP3/09-henri_josh_and_funkyou2_feat_maria_sampaio-why_(cant_i_forget_you)_(original_mix).mp3,12.77,M
VA-CD_Club_Promo_Only_January_2012_Part_1-2011-BFHMP3/09-henri_josh_and_funkyou2_feat_maria_sampaio-why_(cant_i_forget_you)_(original_mix).mp3,12.77,M
VA-CD_Club_Promo_Only_January_2012_Part_7-2011-BFHMP3/10-johnny_bravo_and_mieczyk_feat_free_on_stage-sunrise_i_feel_(bravos_privat_mix).mp3,12.74,M
VA-CD_Club_Promo_Only_January_2012_Part_1-2011-BFHMP3/10-johnny_bravo_and_mieczyk_feat_free_on_stage-sunrise_i_feel_(bravos_privat_mix).mp3,12.74,M
VA-CD_Club_Promo_Only_January_2012_Part_6-2011-BFHMP3/07-spinne_feat_ksenija-turn_it_up_(erxon_piano_mix).mp3,12.45,M
VA-CD_Club_Promo_Only_January_2012_Part_6-2011-BFHMP3/09-chris_willis-louder_(laurent_wolf_remix).mp3,12.38,M
VA-CD_Club_Promo_Only_January_2012_Part_6-2011-BFHMP3/05-beyonce-countdown_(redtop_club_mix).mp3,12.28,M
VA-CD_Club_Promo_Only_January_2012_Part_3-2011-BFHMP3/11-mitch_major-soul_wax_(original_mix).mp3,12.08,M
VA-CD_Club_Promo_Only_January_2012_Part_5-2011-BFHMP3/10-mk-burning_(james_talk_and_ridney_remix).mp3,12,M
VA-CD_Club_Promo_Only_January_2012_Part_2-2011-BFHMP3/06-2_elements-4_ur_love_(dave_kurtis_remix).mp3,12,M
VA-CD_Club_Promo_Only_January_2012_Part_3-2011-BFHMP3/03-robin_s._and_ctk-shake_it_(steven_quarre_and_morris_mavado_mix).mp3,11.97,M
VA-CD_Club_Promo_Only_January_2012_Part_8-2011-BFHMP3/12-rogerseventytwo-you_take_me_higher_(original_mix).mp3,11.93,M
VA-CD_Club_Promo_Only_January_2012_Part_6-2011-BFHMP3/03-bueno_clinic-away_(slayback_juicy_remix).mp3,11.83,M
VA-CD_Club_Promo_Only_January_2012_Part_6-2011-BFHMP3/06-grave-miami_(original_mix).mp3,11.83,M
VA-CD_Club_Promo_Only_January_2012_Part_4-2011-BFHMP3/12-sharam_jey_pres._soundz_fresh-looking_4_love_(vox_mix).mp3,11.73,M
VA-CD_Club_Promo_Only_January_2012_Part_5-2011-BFHMP3/03-robin_s._and_ctk-shake_it_(original_mix).mp3,11.7,M
VA-CD_Club_Promo_Only_January_2012_Part_3-2011-BFHMP3/12-distant_people_feat_nickson-unconditional_love_(johnny_bravo_4_am_vocal_mix).mp3,11.63,M
VA-CD_Club_Promo_Only_January_2012_Part_8-2011-BFHMP3/07-enrique_iglesias-i_like_how_it_feels_(dj_vice_remix_extended).mp3,11.6,M
VA-CD_Club_Promo_Only_January_2012_Part_3-2011-BFHMP3/13-mafia_mike-twilight_(original_mix).mp3,11.59,M
VA-CD_Club_Promo_Only_January_2012_Part_7-2011-BFHMP3/07-matisse_and_sadko_feat_ollie_james-were_not_alone_(hi_scandinavia)_(original_mix).mp3,11.58,M
VA-CD_Club_Promo_Only_January_2012_Part_1-2011-BFHMP3/07-matisse_and_sadko_feat_ollie_james-were_not_alone_(hi_scandinavia)_(original_mix).mp3,11.58,M
VA-CD_Club_Promo_Only_January_2012_Part_7-2011-BFHMP3/11-tom_novy_and_veralovesmusic_feat_pvhv-thelma_and_louise_(club).mp3,11.51,M
VA-CD_Club_Promo_Only_January_2012_Part_1-2011-BFHMP3/11-tom_novy_and_veralovesmusic_feat_pvhv-thelma_and_louise_(club).mp3,11.51,M
VA-CD_Club_Promo_Only_January_2012_Part_4-2011-BFHMP3/02-david_jones_and_alex_kenji_feat_aqua_diva-emotions_(original_mix).mp3,11.45,M
VA-CD_Club_Promo_Only_January_2012_Part_8-2011-BFHMP3/09-d.r.a.m.a.-life_(original_mix).mp3,11.42,M
VA-CD_Club_Promo_Only_January_2012_Part_1-2011-BFHMP3/12-d.r.a.m.a.-that_sound_(vocal_mix).mp3,11.35,M
VA-CD_Club_Promo_Only_January_2012_Part_7-2011-BFHMP3/12-d.r.a.m.a.-that_sound_(vocal_mix).mp3,11.35,M
VA-CD_Club_Promo_Only_January_2012_Part_5-2011-BFHMP3/04-martinelli_and_terry_jee-superstar_(original_mix).mp3,11.25,M
VA-CD_Club_Promo_Only_January_2012_Part_8-2011-BFHMP3/08-redd_feat_akon_and_snoop_dogg-im_a_day_dreaming_(mad_mark_remix).mp3,11.14,M
VA-CD_Club_Promo_Only_January_2012_Part_4-2011-BFHMP3/04-stante_t.-salso_(original_mix).mp3,11.05,M
VA-CD_Club_Promo_Only_January_2012_Part_3-2011-BFHMP3/10-armin_van_buuren_feat_adam_young-youtopia_(tocadisco_remix).mp3,10.88,M
VA-CD_Club_Promo_Only_January_2012_Part_5-2011-BFHMP3/08-tanto_project-we_are_one_(houston_project_remix).mp3,10.88,M
VA-CD_Club_Promo_Only_January_2012_Part_5-2011-BFHMP3/06-max_hill_and_gordon_max_feat_uliasha-honey_on_your_lips_(extended_mix).mp3,10.86,M
VA-CD_Club_Promo_Only_January_2012_Part_2-2011-BFHMP3/11-distant_people_feat_nickson-unconditional_love_(original_mix).mp3,10.8,M
VA-CD_Club_Promo_Only_January_2012_Part_2-2011-BFHMP3/12-atfc_feat_lisa_shaw-walk_away_(atfcs_lektrosoul_vocal).mp3,10.75,M
VA-CD_Club_Promo_Only_January_2012_Part_8-2011-BFHMP3/10-tc_ensamble_feat_clou_and_geo-up_to_you_(extended_mix).mp3,10.73,M
VA-CD_Club_Promo_Only_January_2012_Part_8-2011-BFHMP3/04-wisdome-off_the_wall_(enjoy_yourself_mix).mp3,10.71,M
VA-CD_Club_Promo_Only_January_2012_Part_4-2011-BFHMP3/09-p-money-dance_with_you_(bombs_away_mix).mp3,10.64,M
VA-CD_Club_Promo_Only_January_2012_Part_5-2011-BFHMP3/12-franky_rizardo-patulego_(original_mix).mp3,10.63,M
VA-CD_Club_Promo_Only_January_2012_Part_3-2011-BFHMP3/04-twin_pack_vs._stfu-saving_my_love_(twin_pack_vs._stfu_mix).mp3,10.62,M
VA-CD_Club_Promo_Only_January_2012_Part_3-2011-BFHMP3/06-paki_jaro_emanuel_nava-caminando_(original_extended_mix).mp3,10.55,M
VA-CD_Club_Promo_Only_January_2012_Part_6-2011-BFHMP3/08-aka_voodoo_man-the_rhythm_(extended_mix).mp3,10.53,M
VA-CD_Club_Promo_Only_January_2012_Part_2-2011-BFHMP3/09-ti.pi.cal_feat_josh-stars_(long_mix).mp3,10.51,M
VA-CD_Club_Promo_Only_January_2012_Part_8-2011-BFHMP3/06-mikael_weermets_and_audible_feat_max_c-let_it_go_(vocal_mix).mp3,10.49,M
VA-CD_Club_Promo_Only_January_2012_Part_2-2011-BFHMP3/02-nuffi_and_palace_pres._manik_feat_renald-the_beach_(alex_greed_remix).mp3,10.43,M
VA-CD_Club_Promo_Only_January_2012_Part_8-2011-BFHMP3/02-selda-mad_about_you_(tradelove_remix).mp3,10.19,M
VA-CD_Club_Promo_Only_January_2012_Part_2-2011-BFHMP3/10-armin_van_buuren_feat_adam_young-youtopia_(blake_jarrell_remix).mp3,10.07,M
VA-CD_Club_Promo_Only_January_2012_Part_8-2011-BFHMP3/11-peter_gelderblom-satisfaction_(original_mix).mp3,10.03,M
VA-CD_Club_Promo_Only_January_2012_Part_4-2011-BFHMP3/07-the_cube_guys_and_luciana-jump_(club_mix).mp3,9.97,M
VA-CD_Club_Promo_Only_January_2012_Part_5-2011-BFHMP3/02-soundq-cargo_planes_(radio_edit).mp3,9.96,M
VA-CD_Club_Promo_Only_January_2012_Part_1-2011-BFHMP3/06-nexx_and_matt_hewie_feat_marius_nedelcu-put_your_hands_(extended).mp3,9.84,M
VA-CD_Club_Promo_Only_January_2012_Part_7-2011-BFHMP3/06-nexx_and_matt_hewie_feat_marius_nedelcu-put_your_hands_(extended).mp3,9.84,M
VA-CD_Club_Promo_Only_January_2012_Part_6-2011-BFHMP3/10-avicii-levels_(extended).mp3,9.82,M
VA-CD_Club_Promo_Only_January_2012_Part_6-2011-BFHMP3/04-kei_morton-dreams_(extended_mix).mp3,9.79,M
VA-CD_Club_Promo_Only_January_2012_Part_8-2011-BFHMP3/13-henri_josh-i_want_it_(original_mix).mp3,9.71,M
VA-CD_Club_Promo_Only_January_2012_Part_4-2011-BFHMP3/05-deve_and_matizz_feat_blackshark-party_up_(extended_mix).mp3,9.55,M
VA-CD_Club_Promo_Only_January_2012_Part_3-2011-BFHMP3/02-charis_feat_narine-love_tonight_(piano_edit_extended).mp3,9.52,M
VA-CD_Club_Promo_Only_January_2012_Part_6-2011-BFHMP3/11-claudia_feat_fatman_scoop-just_a_little_bit_(sencer_and_hill_airplay_mix).mp3,9.49,M
VA-CD_Club_Promo_Only_January_2012_Part_1-2011-BFHMP3/01-example-stay_awake_(extended_mix).mp3,9.44,M
VA-CD_Club_Promo_Only_January_2012_Part_7-2011-BFHMP3/01-example-stay_awake_(extended_mix).mp3,9.44,M
VA-CD_Club_Promo_Only_January_2012_Part_6-2011-BFHMP3/12-the_kenneth_bager_experience-the_first_picture_(single_version).mp3,9.3,M
VA-CD_Club_Promo_Only_January_2012_Part_5-2011-BFHMP3/07-quick-jaxx-bootz_r_made_4_this_(extended_mix).mp3,9.3,M
VA-CD_Club_Promo_Only_January_2012_Part_2-2011-BFHMP3/04-da_hool-no_love_anymore_(balearic_summer_mix).mp3,9.2,M
VA-CD_Club_Promo_Only_January_2012_Part_5-2011-BFHMP3/05-bass_fun-shake_it_wicked_(extended).mp3,9.18,M
VA-CD_Club_Promo_Only_January_2012_Part_5-2011-BFHMP3/11-timbaland_feat_pitbull-pass_at_me_(tim_mason_remix).mp3,9.17,M
VA-CD_Club_Promo_Only_January_2012_Part_2-2011-BFHMP3/07-bingo_players-rattle_(original_mix).mp3,9.16,M
VA-CD_Club_Promo_Only_January_2012_Part_8-2011-BFHMP3/01-criminal_vibes_feat_n.u.m.-save_me_(original_mix).mp3,9.15,M
VA-CD_Club_Promo_Only_January_2012_Part_3-2011-BFHMP3/05-landscape-the_night_(original_mix).mp3,9.1,M
VA-CD_Club_Promo_Only_January_2012_Part_6-2011-BFHMP3/02-wet_fingers_and_mandee-guantanamera_(club).mp3,9.04,M
VA-CD_Club_Promo_Only_January_2012_Part_8-2011-BFHMP3/03-martin_solveig_and_dragonette_feat_idoling-big_in_japan_(club_edit).mp3,8.73,M
VA-CD_Club_Promo_Only_January_2012_Part_7-2011-BFHMP3/04-willy_william_and_lylloo-baila_(extended_original).mp3,8.71,M
VA-CD_Club_Promo_Only_January_2012_Part_1-2011-BFHMP3/04-willy_william_and_lylloo-baila_(extended_original).mp3,8.71,M
VA-CD_Club_Promo_Only_January_2012_Part_4-2011-BFHMP3/11-tony_sanger_and_syntheticsax_feat_paula_pcay-let_the_fire_burn_(club_mix).mp3,8.63,M
VA-CD_Club_Promo_Only_January_2012_Part_6-2011-BFHMP3/01-labrinth_feat_tinie_tempah-earthquake_(benny_benassi_explicit_remix).mp3,8.5,M
VA-CD_Club_Promo_Only_January_2012_Part_3-2011-BFHMP3/09-narcotic_sound_and_christian_d.-danca_bonito_(extended_version).mp3,8.48,M
VA-CD_Club_Promo_Only_January_2012_Part_8-2011-BFHMP3/05-rj_feat_pitbull-u_know_it_aint_love_(markus_gardeweg_remix).mp3,8.48,M
VA-CD_Club_Promo_Only_January_2012_Part_7-2011-BFHMP3/05-the_glam-party_like_a_dj_(keemos_floripa_suite_mix).mp3,8.47,M
VA-CD_Club_Promo_Only_January_2012_Part_1-2011-BFHMP3/05-the_glam-party_like_a_dj_(keemos_floripa_suite_mix).mp3,8.47,M
VA-CD_Club_Promo_Only_January_2012_Part_2-2011-BFHMP3/08-mafia_mike-trip_to_eivissa_(original_mix).mp3,8.24,M
VA-CD_Club_Promo_Only_January_2012_Part_4-2011-BFHMP3/01-bueno_clinic-away_(extended_mix).mp3,7.98,M
VA-CD_Club_Promo_Only_January_2012_Part_3-2011-BFHMP3/08-tasmoni-push_it_(extended_mix).mp3,7.39,M
VA-CD_Club_Promo_Only_January_2012_Part_1-2011-BFHMP3/13-beirut-santa_fe_(single_version).mp3,7.26,M
VA-CD_Club_Promo_Only_January_2012_Part_7-2011-BFHMP3/13-beirut-santa_fe_(single_version).mp3,7.26,M
VA-CD_Club_Promo_Only_January_2012_Part_4-2011-BFHMP3/06-serebro-mama_ljuba_(radio_edit).mp3,7.13,M
VA-CD_Club_Promo_Only_January_2012_Part_5-2011-BFHMP3/13-cher_lloyd_feat_mike_posner-with_your_love_(single_version).mp3,7.12,M
VA-CD_Club_Promo_Only_January_2012_Part_3-2011-BFHMP3/07-da_hool-no_love_anymore_(radio_edit).mp3,7.07,M
VA-CD_Club_Promo_Only_January_2012_Part_4-2011-BFHMP3/08-peekee-toes_(original).mp3,7.01,M
VA-CD_Club_Promo_Only_January_2012_Part_1-2011-BFHMP3/14-natasha_bedingfield-shake_up_christmas_2011_(single_version).mp3,6.87,M
VA-CD_Club_Promo_Only_January_2012_Part_7-2011-BFHMP3/14-natasha_bedingfield-shake_up_christmas_2011_(single_version).mp3,6.87,M
VA-CD_Club_Promo_Only_January_2012_Part_4-2011-BFHMP3/13-pitbull_feat_chris_brown-international_love_(single_version).mp3,6.8,M
VA-CD_Club_Promo_Only_January_2012_Part_7-2011-BFHMP3/08-aura_dione-geronimo_(the_disco_boys_remix_edit).mp3,6.65,M
VA-CD_Club_Promo_Only_January_2012_Part_1-2011-BFHMP3/08-aura_dione-geronimo_(the_disco_boys_remix_edit).mp3,6.65,M
VA-CD_Club_Promo_Only_January_2012_Part_4-2011-BFHMP3/14-karmin-crash_your_party_(album_version).mp3,6.38,M
VA-CD_Club_Promo_Only_January_2012_Part_6-2011-BFHMP3/13-ida_corr-merry_christmas_to_u_all_(single_version).mp3,6.26,M
VA-CD_Club_Promo_Only_January_2012_Part_5-2011-BFHMP3/09-nikita-2012_(radio_edit).mp3,6.08,M
VA-CD_Club_Promo_Only_January_2012_Part_2-2011-BFHMP3/13-dj_fresh_feat_sian_evans-louder_(radio_edit).mp3,5.64,M
VA-CD_Club_Promo_Only_January_2012_Part_7-2011-BFHMP3/03-ti.pi.cal_feat_josh-stars_(riccardo_piparo_edit).mp3,5.52,M
VA-CD_Club_Promo_Only_January_2012_Part_1-2011-BFHMP3/03-ti.pi.cal_feat_josh-stars_(riccardo_piparo_edit).mp3,5.52,M
VA-CD_Club_Promo_Only_January_2012_Part_2-2011-BFHMP3/01-kei_morton-dreams_(radio_edit).mp3,5.07,M
VA-CD_Club_Promo_Only_January_2012_Part_5-2011-BFHMP3/14-kylie-let_it_snow_(edit).mp3,3.28,M
VA-CD_Club_Promo_Only_January_2012_Part_2-2011-BFHMP3/00-va-cd_club_promo_only_january_2012_part_2-2011-cover.jpg,2.55,M
VA-CD_Club_Promo_Only_January_2012_Part_3-2011-BFHMP3/00-va-cd_club_promo_only_january_2012_part_3-2011-cover.jpg,2.43,M
VA-CD_Club_Promo_Only_January_2012_Part_4-2011-BFHMP3/00-va-cd_club_promo_only_january_2012_part_4-2011-cover.jpg,2.37,M
VA-CD_Club_Promo_Only_January_2012_Part_7-2011-BFHMP3/00-va-cd_club_promo_only_january_2012_part_7-2011-cover.jpg,2.35,M
VA-CD_Club_Promo_Only_January_2012_Part_6-2011-BFHMP3/00-va-cd_club_promo_only_january_2012_part_6-2011-cover.jpg,2.35,M
VA-CD_Club_Promo_Only_January_2012_Part_8-2011-BFHMP3/00-va-cd_club_promo_only_january_2012_part_8-2011-cover.jpg,2.29,M
VA-CD_Club_Promo_Only_January_2012_Part_7-2011-BFHMP3/00-va-cd_club_promo_only_january_2012_part_7-2011.m3u,1.84,K
VA-CD_Club_Promo_Only_January_2012_Part_1-2011-BFHMP3/00-va-cd_club_promo_only_january_2012_part_1-2011.nfo,1.57,K
VA-CD_Club_Promo_Only_January_2012_Part_4-2011-BFHMP3/00-va-cd_club_promo_only_january_2012_part_4-2011.nfo,1.5,K
VA-CD_Club_Promo_Only_January_2012_Part_7-2011-BFHMP3/00-va-cd_club_promo_only_january_2012_part_7-2011.nfo,1.5,K
VA-CD_Club_Promo_Only_January_2012_Part_5-2011-BFHMP3/00-va-cd_club_promo_only_january_2012_part_5-2011.nfo,1.49,K
VA-CD_Club_Promo_Only_January_2012_Part_8-2011-BFHMP3/00-va-cd_club_promo_only_january_2012_part_8-2011.nfo,1.43,K
VA-CD_Club_Promo_Only_January_2012_Part_2-2011-BFHMP3/00-va-cd_club_promo_only_january_2012_part_2-2011.nfo,1.43,K
VA-CD_Club_Promo_Only_January_2012_Part_3-2011-BFHMP3/00-va-cd_club_promo_only_january_2012_part_3-2011.nfo,1.42,K
VA-CD_Club_Promo_Only_January_2012_Part_6-2011-BFHMP3/00-va-cd_club_promo_only_january_2012_part_6-2011.nfo,1.42,K
VA-CD_Club_Promo_Only_January_2012_Part_7-2011-BFHMP3/00-va-cd_club_promo_only_january_2012_part_7-2011.sfv,1.05,K
VA-CD_Club_Promo_Only_January_2012_Part_1-2011-BFHMP3/00-va-cd_club_promo_only_january_2012_part_1-2011.sfv,1004,B
VA-CD_Club_Promo_Only_January_2012_Part_4-2011-BFHMP3/00-va-cd_club_promo_only_january_2012_part_4-2011.sfv,906,B
VA-CD_Club_Promo_Only_January_2012_Part_8-2011-BFHMP3/00-va-cd_club_promo_only_january_2012_part_8-2011.sfv,884,B
VA-CD_Club_Promo_Only_January_2012_Part_5-2011-BFHMP3/00-va-cd_club_promo_only_january_2012_part_5-2011.sfv,880,B
VA-CD_Club_Promo_Only_January_2012_Part_1-2011-BFHMP3/00-va-cd_club_promo_only_january_2012_part_1-2011.m3u,880,B
VA-CD_Club_Promo_Only_January_2012_Part_2-2011-BFHMP3/00-va-cd_club_promo_only_january_2012_part_2-2011.sfv,880,B
VA-CD_Club_Promo_Only_January_2012_Part_3-2011-BFHMP3/00-va-cd_club_promo_only_january_2012_part_3-2011.sfv,861,B
VA-CD_Club_Promo_Only_January_2012_Part_6-2011-BFHMP3/00-va-cd_club_promo_only_january_2012_part_6-2011.sfv,815,B
VA-CD_Club_Promo_Only_January_2012_Part_4-2011-BFHMP3/00-va-cd_club_promo_only_january_2012_part_4-2011.m3u,782,B
VA-CD_Club_Promo_Only_January_2012_Part_2-2011-BFHMP3/00-va-cd_club_promo_only_january_2012_part_2-2011.m3u,765,B
VA-CD_Club_Promo_Only_January_2012_Part_8-2011-BFHMP3/00-va-cd_club_promo_only_january_2012_part_8-2011.m3u,754,B
VA-CD_Club_Promo_Only_January_2012_Part_5-2011-BFHMP3/00-va-cd_club_promo_only_january_2012_part_5-2011.m3u,740,B
VA-CD_Club_Promo_Only_January_2012_Part_3-2011-BFHMP3/00-va-cd_club_promo_only_january_2012_part_3-2011.m3u,0,B
