Filename,Size,Unit
fathers.of.girls.2009.readnfo.dvdrip.xvid-unveil.avi,349.92,M
fathers.of.girls.2009.readnfo.dvdrip.xvid-unveil.jpg,6.78,K
fathers.of.girls.2009.readnfo.dvdrip.xvid-unveil.nfo,2.16,K
READ this before playing the Movie.txt,509,B
Sample/fathers.of.girls.2009.readnfo.dvdrip.xvid-unveil-sample.avi,4.29,M
www.Torrenting.com.txt,509,B
