Filename,Size,Unit
Egoisme en Geloof.mp3,5.15,M
