Filename,Size,Unit
Virgin_ virgin Djamila...Video.flv,61.38,M
