Title,Type,Files,Size,IMDB,Spoken Languages,Texted Languages,Tags,Quality (+),Quality (-),Uploaded,By,User Type,Seeders,Leechers,Info Hash,Picture,Capture Date
"Tommy's Theme - NOISIA [AIFF, 1411KBPS]",101,1,47.19 MiB (49483320 Bytes),,,,"""noisia"",""tommy"",""theme"",""tommys"",""theem"",""the"",""guy"",""who"",""eats"",""beatport"",""itunes"",""stuff""",0,0,2011-10-22T01:56:29Z,TheGuyWhoEats,,0,4,9E82CCB284DA731B73A8975A1CE69E6EE7965039,,2012-05-23T23:00:47Z
