Title,Type,Files,Size,IMDB,Spoken Languages,Texted Languages,Tags,Quality (+),Quality (-),Uploaded,By,User Type,Seeders,Leechers,Info Hash,Picture,Capture Date
Pearl Jam - Live at HSBC Arena 2003,203,3,3.08 GiB (3307259797 Bytes),,,,"""pearl jam"",""hsbc"",""buffalo"",""live""",1,0,2011-12-11T15:20:35Z,jaybee2003,,4,2,ED4840CF89AC01920DAB3DE84800754D16EA2404,http://image.bayimg.com/faljeaadf.jpg,2012-05-15T08:14:23Z
