Filename,Size,Unit
HideIPEasy-5.0.8.8.Setup.exe,4.62,M
Crack/HideIPEasy.exe,3.63,M
ReadMe.txt,1.86,K
Torrent downloaded from Demonoid.me.txt,46,B
