Title,Type,Files,Size,IMDB,Spoken Languages,Texted Languages,Tags,Quality (+),Quality (-),Uploaded,By,User Type,Seeders,Leechers,Info Hash,Picture,Capture Date
Gyno-X - Lily ,503,658,244.69 MiB (256577009 Bytes),,,,"""xXx"",""teen""",0,0,2011-10-07T17:16:12Z,HornyKitty,[V],4,0,799E6F177D27190E5AED3D94DB51BE371259D697,,2012-05-24T22:56:54Z
