Filename,Size,Unit
jiggly-analplayground-cd2.avi,697.53,M
jiggly-analplayground-cd1.avi,698.25,M
