Filename,Size,Unit
Il ritmo della vita - Rossella Izzo 2009.avi,904.92,M
