Filename,Size,Unit
Murder and Politics in Mexico Political Killings in the Partido de la Revolucion Democratica and its Consequences (2011)BBS.pdf,2.89,M
