Filename,Size,Unit
band1d0s-hhos20yoc.avi,699.48,M
band1d0s-hhos20yoc.nfo,752,B
READ this before playing the Movie.txt,473,B
Sample/band1d0s-hhos20yoc-sample.avi,5.92,M
www.Torrenting.com.txt,473,B
