Filename,Size,Unit
the.graham.norton.show.s09e01.hdtv.xvid-ftp.nfo,3.68,K
the.graham.norton.show.s09e01.hdtv.xvid-ftp.r00,14.31,M
the.graham.norton.show.s09e01.hdtv.xvid-ftp.r01,14.31,M
the.graham.norton.show.s09e01.hdtv.xvid-ftp.r02,14.31,M
the.graham.norton.show.s09e01.hdtv.xvid-ftp.r03,14.31,M
the.graham.norton.show.s09e01.hdtv.xvid-ftp.r04,14.31,M
the.graham.norton.show.s09e01.hdtv.xvid-ftp.r05,14.31,M
the.graham.norton.show.s09e01.hdtv.xvid-ftp.r06,14.31,M
the.graham.norton.show.s09e01.hdtv.xvid-ftp.r07,14.31,M
the.graham.norton.show.s09e01.hdtv.xvid-ftp.r08,14.31,M
the.graham.norton.show.s09e01.hdtv.xvid-ftp.r09,14.31,M
the.graham.norton.show.s09e01.hdtv.xvid-ftp.r10,14.31,M
the.graham.norton.show.s09e01.hdtv.xvid-ftp.r11,14.31,M
the.graham.norton.show.s09e01.hdtv.xvid-ftp.r12,14.31,M
the.graham.norton.show.s09e01.hdtv.xvid-ftp.r13,14.31,M
the.graham.norton.show.s09e01.hdtv.xvid-ftp.r14,14.31,M
the.graham.norton.show.s09e01.hdtv.xvid-ftp.r15,14.31,M
the.graham.norton.show.s09e01.hdtv.xvid-ftp.r16,14.31,M
the.graham.norton.show.s09e01.hdtv.xvid-ftp.r17,14.31,M
the.graham.norton.show.s09e01.hdtv.xvid-ftp.r18,14.31,M
the.graham.norton.show.s09e01.hdtv.xvid-ftp.r19,14.31,M
the.graham.norton.show.s09e01.hdtv.xvid-ftp.r20,14.31,M
the.graham.norton.show.s09e01.hdtv.xvid-ftp.r21,14.31,M
the.graham.norton.show.s09e01.hdtv.xvid-ftp.r22,14.31,M
the.graham.norton.show.s09e01.hdtv.xvid-ftp.r23,14.31,M
the.graham.norton.show.s09e01.hdtv.xvid-ftp.r24,14.31,M
the.graham.norton.show.s09e01.hdtv.xvid-ftp.r25,14.31,M
the.graham.norton.show.s09e01.hdtv.xvid-ftp.r26,14.31,M
the.graham.norton.show.s09e01.hdtv.xvid-ftp.r27,14.31,M
the.graham.norton.show.s09e01.hdtv.xvid-ftp.r28,14.31,M
the.graham.norton.show.s09e01.hdtv.xvid-ftp.r29,14.31,M
the.graham.norton.show.s09e01.hdtv.xvid-ftp.r30,14.31,M
the.graham.norton.show.s09e01.hdtv.xvid-ftp.r31,14.31,M
the.graham.norton.show.s09e01.hdtv.xvid-ftp.r32,14.31,M
the.graham.norton.show.s09e01.hdtv.xvid-ftp.r33,14.31,M
the.graham.norton.show.s09e01.hdtv.xvid-ftp.r34,14.31,M
the.graham.norton.show.s09e01.hdtv.xvid-ftp.r35,14.31,M
the.graham.norton.show.s09e01.hdtv.xvid-ftp.r36,14.31,M
the.graham.norton.show.s09e01.hdtv.xvid-ftp.r37,6.39,M
the.graham.norton.show.s09e01.hdtv.xvid-ftp.rar,14.31,M
the.graham.norton.show.s09e01.hdtv.xvid-ftp.sfv,2.21,K
