Title,Type,Files,Size,IMDB,Spoken Languages,Texted Languages,Tags,Quality (+),Quality (-),Uploaded,By,User Type,Seeders,Leechers,Info Hash,Picture,Capture Date
Juicy.White.Anal.Booty.6.XXX.DVDRip.XviD-PLEASURE,501,3,2.05 GiB (2199576576 Bytes),,,,,0,0,2011-11-22T06:46:31Z,RockSaltS,,5,0,35FB1DB837868150DDB312424991FE5ACF57D575,,2012-05-18T03:24:13Z
