Filename,Size,Unit
"Kuzneski, Chris - Teken van het kruis .epub",418.29,K
dmt4.png,78.32,K
"DMT NFO, Read before Playing.txt",1.7,K
Torrent downloaded from Demonoid.me.txt,46,B
