Title,Type,Files,Size,IMDB,Spoken Languages,Texted Languages,Tags,Quality (+),Quality (-),Uploaded,By,User Type,Seeders,Leechers,Info Hash,Picture,Capture Date
Fairy Tales - Hans Christian Andersen; Harry Clarke; Jack Zipes;,601,2,21.47 MiB (22507878 Bytes),,,English,,0,0,2011-05-18T08:46:52Z,daemonx0x,,3,1,2426FCC7481ADAB14B70C125520DAA08B54E6540,http://image.bayimg.com/aaifoaadc.jpg,2012-06-19T22:49:27Z
