User Type,Username,Date,Text
,OleCph,2011-06-08T12:45Z,"A torrent of a torrent - you gotta be kidding! No thanks, Anonymous..."
,Administrator999,2011-06-30T01:30Z,Seed you fuckers morons!
