Filename,Size,Unit
MÃ¤nniskans planet - Del 7 av 8.avi,472.08,M
