Filename,Size,Unit
Geo.Espanya.Febrero.2011.PDF.by.chuska.{www.cantabriatorrent.net}.pdf,50.1,M
Geo.frontal.jpg,25.54,K
LEEME.txt,55,B
