Title,Type,Files,Size,IMDB,Spoken Languages,Texted Languages,Tags,Quality (+),Quality (-),Uploaded,By,User Type,Seeders,Leechers,Info Hash,Picture,Capture Date
"Bitch Got Balls #3, Scene 1",501,1,675.74 MiB (708559984 Bytes),,English,English,"""Transsexual""",0,0,2011-05-26T05:24:24Z,adultvideotorrents,[V],0,2,2CF68CE5B3BD49C42C2D227AD131E5C0005824D8,,2012-06-19T12:09:40Z
