Filename,Size,Unit
Rhine-Ruhr City Trains.rwp,31.05,M
