Filename,Size,Unit
The Other Side Of The Game 2010 BRRip XviD Ac3 Feel-Free.avi,1.01,G
