User Type,Username,Date,Text
,7r0j4n,2011-05-03T12:23Z,thx seeders
