Filename,Size,Unit
sr-w40sm.iso,7.55,G
streamingaudio/in_game_default.pck,876.24,M
streamingaudio/music_01.pck,583.39,M
data/videos/sm_intro.usm,260.58,M
streamingaudio/russian/speech_01.pck,246.5,M
streamingaudio/italian/speech_01.pck,227.42,M
streamingaudio/spanish(spain)/speech_01.pck,225.79,M
streamingaudio/speech_01.pck,221.88,M
streamingaudio/german/speech_01.pck,221.33,M
streamingaudio/french(france)/speech_01.pck,216.73,M
sr-w40sm.r78,95.37,M
sr-w40sm.r77,95.37,M
sr-w40sm.rar,95.37,M
sr-w40sm.r42,95.37,M
sr-w40sm.r76,95.37,M
sr-w40sm.r75,95.37,M
sr-w40sm.r74,95.37,M
sr-w40sm.r73,95.37,M
sr-w40sm.r72,95.37,M
sr-w40sm.r71,95.37,M
sr-w40sm.r70,95.37,M
sr-w40sm.r69,95.37,M
sr-w40sm.r68,95.37,M
sr-w40sm.r67,95.37,M
sr-w40sm.r66,95.37,M
sr-w40sm.r65,95.37,M
sr-w40sm.r64,95.37,M
sr-w40sm.r63,95.37,M
sr-w40sm.r62,95.37,M
sr-w40sm.r61,95.37,M
sr-w40sm.r60,95.37,M
sr-w40sm.r59,95.37,M
sr-w40sm.r58,95.37,M
sr-w40sm.r57,95.37,M
sr-w40sm.r56,95.37,M
sr-w40sm.r55,95.37,M
sr-w40sm.r54,95.37,M
sr-w40sm.r53,95.37,M
sr-w40sm.r52,95.37,M
sr-w40sm.r51,95.37,M
sr-w40sm.r50,95.37,M
sr-w40sm.r19,95.37,M
sr-w40sm.r49,95.37,M
sr-w40sm.r48,95.37,M
sr-w40sm.r47,95.37,M
sr-w40sm.r33,95.37,M
sr-w40sm.r46,95.37,M
sr-w40sm.r45,95.37,M
sr-w40sm.r44,95.37,M
sr-w40sm.r22,95.37,M
sr-w40sm.r17,95.37,M
sr-w40sm.r43,95.37,M
sr-w40sm.r03,95.37,M
sr-w40sm.r32,95.37,M
sr-w40sm.r41,95.37,M
sr-w40sm.r40,95.37,M
sr-w40sm.r39,95.37,M
sr-w40sm.r16,95.37,M
sr-w40sm.r38,95.37,M
sr-w40sm.r31,95.37,M
sr-w40sm.r37,95.37,M
sr-w40sm.r04,95.37,M
sr-w40sm.r36,95.37,M
sr-w40sm.r15,95.37,M
sr-w40sm.r30,95.37,M
sr-w40sm.r25,95.37,M
sr-w40sm.r06,95.37,M
sr-w40sm.r00,95.37,M
sr-w40sm.r01,95.37,M
sr-w40sm.r35,95.37,M
sr-w40sm.r34,95.37,M
sr-w40sm.r02,95.37,M
sr-w40sm.r27,95.37,M
sr-w40sm.r23,95.37,M
sr-w40sm.r14,95.37,M
sr-w40sm.r08,95.37,M
sr-w40sm.r21,95.37,M
sr-w40sm.r24,95.37,M
sr-w40sm.r26,95.37,M
sr-w40sm.r07,95.37,M
sr-w40sm.r10,95.37,M
sr-w40sm.r11,95.37,M
sr-w40sm.r29,95.37,M
sr-w40sm.r12,95.37,M
sr-w40sm.r18,95.37,M
sr-w40sm.r09,95.37,M
sr-w40sm.r13,95.37,M
sr-w40sm.r28,95.37,M
sr-w40sm.r20,95.37,M
sr-w40sm.r05,95.37,M
data/videos/outro.usm,66.33,M
sr-w40sm.r79,63.1,M
streamingaudio/ambiences.pck,54.97,M
data/chunks/mp_tdm_17__r000_main.oppc,52.26,M
streamingaudio/fe_ui.pck,46.47,M
data/chunks/mp_tdm_18__wrld.oppc,46.35,M
data/chunks/mp_tdm_11__r000_main.oppc,37.16,M
data/chunks/ebp_sets__s025-001.oppc,32.77,M
data/chunks/part_03__s_016_r650_weaponplatform.oppc,32.62,M
data/chunks/mp_tdm_09__wrld.oppc,32.25,M
data/chunks/part_05__s_032s_027_r500_bridges.oppc,31.8,M
data/chunks/_6deaf3_002_r002_greybox_kill_krooza.oppc,31.78,M
data/chunks/part_02_04__s_011_r600_bossarena.oppc,30.83,M
data/chunks/part_02_04__s_020_r300_crash_site.oppc,30.65,M
data/chunks/part_01__s_004_r100_igtrench.oppc,30.58,M
data/chunks/part_03__s_015_r150_inquisitor.oppc,30.52,M
data/chunks/part_02_04__s_012_rgn_600.oppc,30.42,M
data/chunks/part_05__s_029_r050_tower.oppc,30.35,M
data/chunks/part_02_04__s_020_r100_thebridge.oppc,30.04,M
data/chunks/part_01__s_003_r500_trenches.oppc,29.96,M
data/chunks/part_05__s_027_r300_silo_vents.oppc,29.85,M
data/chunks/part_02_04__s_012_rgn_400_cog_a.oppc,29.82,M
data/chunks/ebp_sets__campaign_001.oppc,29.51,M
data/chunks/part_03__s_016_r200_switch1.oppc,29.36,M
data/chunks/part_02_04__s_012_rgn_475_fountain.oppc,28.98,M
data/chunks/part_05__s_028_r000_balcony.oppc,28.98,M
data/chunks/_3ede64__s_022_r200_station_exterior.oppc,28.91,M
data/chunks/part_01__s_003_r100_ruins.oppc,28.77,M
data/chunks/part_03__s_015_r300_junction.oppc,28.73,M
data/chunks/part_02_04__s_013_r200_arena_1and2.oppc,28.54,M
data/chunks/part_02_04__s_007_rgn_500_turret.oppc,28.49,M
data/chunks/part_02_04__s_024_rc_400_tolanding.oppc,28.09,M
data/chunks/part_02_04__s_013_r400_arena_3and4.oppc,28.03,M
data/chunks/part_02_04__s_013_r600_staging_area.oppc,27.7,M
data/chunks/part_03__s_016_r600_weaponroom.oppc,27.58,M
data/chunks/part_05__s_027_r100_cargo_pads.oppc,27.49,M
data/chunks/part_02_04__s_011_r200_shaft.oppc,27.44,M
data/chunks/part_02_04__s_008_r600_warboss.oppc,27.19,M
data/chunks/part_02_04__s_009_r_200_socket.oppc,26.98,M
data/chunks/part_02_04__s_011_r400_waterworks.oppc,26.9,M
data/chunks/part_01__s_005_r000_station.oppc,26.73,M
data/chunks/part_02_04__s_021_r600_exit.oppc,26.6,M
data/chunks/part_05__s_027_r500_bridges.oppc,26.44,M
data/chunks/part_02_04__s_024_rc200_titan_ride.oppc,26.35,M
data/chunks/part_03__s_014_r200_wlkway.oppc,26.24,M
data/chunks/part_02_04__s_021_r400_rail_crash.oppc,26.13,M
data/chunks/part_03__s_014_r000_valk_ride.oppc,26.06,M
data/chunks/wargear__csm.oppc,25.96,M
data/chunks/part_03__s_015_r000_landing.oppc,25.89,M
data/chunks/part_01__s_005_r100_mid_floor.oppc,25.57,M
data/chunks/part_01__s_005_r300_upper_floor.oppc,25.54,M
data/chunks/part_01__s_004_r400_inner_wall.oppc,25.41,M
data/chunks/part_01__s_003_r300_ig_bunker.oppc,25.36,M
data/chunks/part_01__s_005_r200_lower_floor.oppc,25.11,M
data/chunks/wargear__sm.oppc,24.58,M
data/chunks/part_02_04__s_008_r950_conduit.oppc,24.5,M
data/chunks/part_02_04__s_008_r800_grinder.oppc,24.23,M
data/chunks/part_02_04__s_008_r400_forge.oppc,24.13,M
data/chunks/part_02_04__s_007_rgn_700_end.oppc,22.96,M
data/chunks/part_03__s_014_r300_enter.oppc,22.66,M
data/chunks/part_01__s_004_r300_orktrench.oppc,22.63,M
data/chunks/_ff0cc8__s_022_r400_station_interior.oppc,22.51,M
data/chunks/part_02_04__s_021_r200_hab_enter.oppc,21.77,M
data/chunks/mp_tdm_01__r000_main.oppc,21.63,M
data/chunks/part_02_04__s_012_rgn_200.oppc,21.61,M
data/chunks/wargear__mp_sm.oppc,21.56,M
spacemarine.exe,21.52,M
data/chunks/part_03__s_014_r100_landpd.oppc,21.36,M
data/chunks/part_02_04__s_024_rc050_platform.oppc,21.29,M
data/chunks/part_03__s_016_r400_labs.oppc,20.97,M
data/chunks/part_01__s_006_r100_player_01.oppc,20.55,M
data/chunks/part_02_04__s_008_r200_entrance.oppc,20.5,M
data/chunks/wargear__mp_csm.oppc,19.98,M
data/chunks/part_02_04__s_007_rgn_100_start.oppc,19.75,M
data/chunks/part_01__s_004_r500_orkrock.oppc,19.44,M
data/chunks/part_02_04__s_021_r100_airlock.oppc,19,M
data/chunks/part_01__s_004_r250_airlock.oppc,18.74,M
data/chunks/part_03__s_016_r800_cargo.oppc,18.3,M
data/chunks/ebp_sets__seq13_core_units.oppc,18.17,M
data/chunks/part_01__s_003_r000_crash.oppc,18.13,M
data/chunks/part_02_04__s_010_r950_end.oppc,18.07,M
data/chunks/part_03__s_015_r100_digga.oppc,18.02,M
data/chunks/wargear__fixed_fullres.oppc,17.76,M
data/chunks/part_02_04__s_007_rgn_300_cargo.oppc,17.5,M
data/chunks/part_01__s_005_r150_mainlift.oppc,17.36,M
data/chunks/part_02_04__s_010_r200_pipes.oppc,17.27,M
data/chunks/part_02_04__s_013_r300_airlock.oppc,16.88,M
data/chunks/part_01__s_004_r350_airlock.oppc,16.83,M
data/chunks/ebp_sets__seq21_core_units.oppc,16.81,M
data/chunks/part_02_04__s_013_r100_street.oppc,16.65,M
data/chunks/part_02_04__s_012_rgn_500_airlock.oppc,16.54,M
data/chunks/part_02_04__s_012_rgn_450_airlock.oppc,16.34,M
data/chunks/ebp_sets__ork_core_units.oppc,16.25,M
data/chunks/part_05__s_028_r100_airlock.oppc,16.21,M
data/chunks/part_02_04__s_022_r100_tunnel.oppc,16.2,M
data/chunks/part_02_04__s_012_rgn_100_sewers.oppc,16.17,M
data/chunks/part_02_04__s_011_r300_airlock.oppc,15.97,M
data/chunks/part_02_04__s_024_rc100_elevator_d.oppc,15.96,M
data/chunks/part_03__s_016_r850_switch2.oppc,15.94,M
data/chunks/part_02_04__s_008_r100_airlock.oppc,15.8,M
data/chunks/ui_crane_cargo__spawner.oppc,15.67,M
data/chunks/part_01__s_003_r200_airlock.oppc,15.63,M
data/chunks/part_05__s_030_r001_new_greybox_1_0.oppc,15.57,M
data/chunks/part_03__s_015_r200_canal.oppc,15.52,M
data/chunks/part_02_04__s_010_r100_start_airlock.oppc,15.51,M
data/chunks/ebp_sets__seq08_core_units.oppc,15.46,M
data/chunks/_303b26__s_022_r300_station_entrance.oppc,15.41,M
data/chunks/part_02_04__s_020_r200_airlock.oppc,15.38,M
data/chunks/part_02_04__s_008_r300_elevatora.oppc,15.37,M
data/chunks/part_02_04__s_008_r700_elevator_c.oppc,15.25,M
data/chunks/ebp_sets__chaos_core_units.oppc,15.2,M
data/chunks/ebp_sets__mixed_core_units.oppc,15.17,M
data/chunks/part_02_04__s_024_rc_500_landingpad.oppc,15.09,M
data/chunks/part_02_04__s_012_rgn_300_airlock.oppc,15.05,M
data/chunks/part_02_04__s_011_r450_airlock.oppc,14.84,M
data/chunks/ebp_sets__s012-002.oppc,14.82,M
data/chunks/part_01__s_003_r400_airlock.oppc,14.81,M
data/chunks/part_01__s_004_r050_igbunker.oppc,14.81,M
data/chunks/part_02_04__s_013_r500_airlock.oppc,14.52,M
data/chunks/part_05__s_027_r050_airlock_s27.oppc,14.4,M
data/chunks/part_03__s_016_r100_opening.oppc,14.35,M
data/chunks/part_01__s_005_r350_airlock.oppc,14.27,M
streamingaudio/co_op_map_02.pck,14.17,M
data/chunks/part_02_04__s_021_r500_airlock_warp.oppc,14.07,M
data/chunks/part_03__s_016_r625_airlock.oppc,13.96,M
data/chunks/part_02_04__s_021_r300_airlock.oppc,13.94,M
data/chunks/part_02_04__s_011_r150_airlock.oppc,13.9,M
data/chunks/part_02_04__s_010_r600_hub.oppc,13.84,M
data/chunks/part_02_04__s_010_r400_hub_pipe.oppc,13.74,M
data/chunks/part_02_04__s_023_rb100_station.oppc,13.71,M
data/chunks/ebp_sets__seq22_core_units.oppc,13.6,M
data/chunks/part_05__s_028_r400_airlock_ascent.oppc,13.54,M
data/chunks/part_02_04__s_011_r100_sewer.oppc,13.5,M
data/chunks/part_02_04__s_007_rgn_400_airlock_02.oppc,13.47,M
data/chunks/ebp_sets__mixed_core_seq18.oppc,13.41,M
data/chunks/part_03__s_014_r050_airlock.oppc,13.26,M
data/chunks/part_03__s_016_r500_airlock.oppc,13.26,M
data/chunks/part_02_04__s_010_r700_airlock.oppc,13.19,M
data/chunks/part_02_04__s_008_r900_airlock.oppc,12.97,M
data/chunks/ebp_sets__s028-001.oppc,12.68,M
data/chunks/part_02_04__s_010_r800_hub_pipe_b.oppc,12.58,M
data/chunks/part_03__s_014_r250_orkpit_b.oppc,12.51,M
data/chunks/ebp_sets__daemon_prince.oppc,12.48,M
data/chunks/part_01__s_002_r001_new_greybox_1.oppc,12.46,M
data/chunks/part_02_04__s_008_r500_elevatorb.oppc,12.27,M
data/chunks/part_05__s_027_r200_airlock.oppc,12.25,M
data/chunks/ebp_sets__s012-001.oppc,12.24,M
data/chunks/part_02_04__s_007_rgn_200_airlock_01.oppc,12.15,M
streamingaudio/mp_tdm_18.pck,12,M
streamingaudio/mp_tdm_09.pck,11.99,M
data/chunks/ebp_sets__s017-001.oppc,11.94,M
data/chunks/ebp_sets__s015-001.oppc,11.94,M
data/chunks/ebp_sets__ork_core_s12.oppc,11.93,M
data/chunks/ebp_sets__s021-002.oppc,11.91,M
data/chunks/part_03__s_016_r900_mainentrance.oppc,11.84,M
data/chunks/part_02_04__s_010_r500_hub_airlock.oppc,11.78,M
data/chunks/part_05__s_027_r400_airlock.oppc,11.7,M
streamingaudio/mp_tdm_01.pck,11.69,M
data/packages/master_fx.oppc,11.56,M
streamingaudio/mp_tdm_17.pck,11.43,M
data/chunks/part_05__s_027_r600_airlock_ride.oppc,11.31,M
data/chunks/ebp_sets__s004-001.oppc,11.13,M
data/chunks/part_02_04__s_007_rgn_600_airlock_03.oppc,11.01,M
data/chunks/part_05__s_028_r300_elevator.oppc,10.98,M
data/chunks/part_03__s_016_r300_airlock.oppc,10.92,M
streamingaudio/mp_tdm_11.pck,10.74,M
data/chunks/ebp_sets__s022-001.oppc,10.73,M
data/chunks/part_02_04__s_009_r_100_elevator.oppc,10.67,M
data/chunks/wargear__fixed.oppc,10.62,M
data/chunks/ebp_sets__s008-001.oppc,10.62,M
data/chunks/ebp_sets__player_set.oppc,10.46,M
data/chunks/part_03__s_016_r825_airlock.oppc,10.36,M
data/chunks/ebp_sets__sequence2_core_units.oppc,10.14,M
data/chunks/ebp_sets__s020-001.oppc,9.98,M
data/chunks/ebp_sets__s009-001.oppc,9.93,M
data/chunks/ebp_sets__s014-001.oppc,9.42,M
data/chunks/ebp_sets__s021-001.oppc,9.37,M
data/chunks/ebp_sets__s010-001.oppc,9.37,M
streamingaudio/rgn_s27_r500.pck,9.16,M
data/chunks/ebp_sets__s011-001.oppc,9.08,M
data/chunks/part_03__s_014_r175_orkpit_art.oppc,8.81,M
data/chunks/part_02_04__s_024_rc025_airlock.oppc,8.62,M
data/videos/amd_intro.usm,8.39,M
data/chunks/ebp_sets__s029-003.oppc,8.31,M
data/chunks/ebp_sets__s027-003.oppc,8.24,M
data/chunks/ebp_sets__s007-001.oppc,8.23,M
data/chunks/ebp_sets__s003-001.oppc,8.1,M
data/chunks/part_01__s_004_vista.oppc,8.07,M
data/chunks/part_01__s_003_vista.oppc,7.87,M
data/chunks/ebp_sets__s013-003.oppc,7.87,M
data/chunks/part_03__s_016_r700_airlock.oppc,7.71,M
data/chunks/part_05__s_028_wrld.oppc,7.56,M
data/chunks/part_02_04__s_010_r300_pipe_airlock.oppc,7.51,M
data/chunks/part_02_04__s_012_wrld.oppc,7.44,M
data/chunks/part_03__s_014_r400_airlock.oppc,7.39,M
data/chunks/part_01__s_006_r250_exit.oppc,7.27,M
data/chunks/ebp_sets__s022-002.oppc,7.17,M
data/chunks/ebp_sets__guardsman.oppc,7.1,M
data/videos/relicintro.usm,7.03,M
data/chunks/part_02_04__s_024_rc_300_elevator_e.oppc,6.91,M
data/chunks/ebp_sets__s006-001.oppc,6.91,M
data/chunks/ebp_sets__s018-001.oppc,6.8,M
data/chunks/part_02_04__s_007_vista.oppc,6.76,M
data/chunks/ebp_sets__s002-001.oppc,6.65,M
data/chunks/part_02_04__s_022_wrld.oppc,6.58,M
data/chunks/part_02_04__s_008_wrld_08.oppc,6.57,M
data/chunks/part_02_04__s_023_wrld_23.oppc,6.43,M
data/chunks/ebp_sets__s024-001.oppc,6.34,M
data/chunks/part_02_04__s_011_r050_airlock.oppc,6.34,M
data/chunks/part_01__s_006_r250_entrance.oppc,6.33,M
streamingaudio/explosions.pck,6.19,M
data/chunks/part_05__s_030_r002_stream.oppc,6.14,M
streamingaudio/rgn_sd_r200.pck,6.02,M
streamingaudio/rgn_ttl_300_enter.pck,5.87,M
data/chunks/part_02_04__s_013_wrld.oppc,5.87,M
data/chunks/part_01__s_005_vista.oppc,5.81,M
data/chunks/ebp_sets__s013-001.oppc,5.6,M
data/chunks/part_03__s_015_vista.oppc,5.45,M
data/chunks/part_02_04__s_010_r900_pipe_airlock.oppc,5.42,M
data/chunks/ebp_sets__s005-001.oppc,5.37,M
streamingaudio/french(france)/rgn_ttl_000_valk_ride.pck,5.35,M
streamingaudio/spanish(spain)/rgn_ttl_000_valk_ride.pck,5.35,M
streamingaudio/rgn_ttl_000_valk_ride.pck,5.35,M
streamingaudio/italian/rgn_ttl_000_valk_ride.pck,5.35,M
streamingaudio/russian/rgn_ttl_000_valk_ride.pck,5.35,M
streamingaudio/german/rgn_ttl_000_valk_ride.pck,5.35,M
data/chunks/part_01__s_006_r150_tram_crossover.oppc,5.18,M
streamingaudio/vehicles.pck,5.14,M
data/chunks/part_02_04__s_024_wrld_24.oppc,5.09,M
streamingaudio/rgn_onthetrail_r100_player_01.pck,4.97,M
data/chunks/part_05__s_027_wrld.oppc,4.96,M
streamingaudio/rgn_bb_r300_upperfloor.pck,4.92,M
streamingaudio/destruction.pck,4.83,M
streamingaudio/rgn_s8_23_24_rc200.pck,4.62,M
data/chunks/part_03__s_014_valk_sky.oppc,4.52,M
streamingaudio/rgn_s_03_r300.pck,4.39,M
streamingaudio/rgn_s20_r100.pck,4.37,M
data/chunks/ebp_sets__mp_versus_set.oppc,4.36,M
streamingaudio/rgn_s04_r400.pck,4.32,M
data/chunks/part_02_04__s_021_vista.oppc,4.28,M
streamingaudio/animation_test_grid.pck,4.25,M
data/chunks/ebp_sets__entourage_inquisitor.oppc,4.19,M
streamingaudio/rgn_s21_r600.pck,4.16,M
streamingaudio/rgn_s16_r200.pck,4.1,M
streamingaudio/rgn_s13_r600.pck,4.07,M
data/packages/killa_kan_claw.oppc,4.03,M
streamingaudio/ambiences_ram.pck,4.03,M
data/videos/thq_logo.usm,4.01,M
streamingaudio/rgn_s04_r100.pck,3.99,M
redist/directx/Apr2006_MDX1_x86_Archive.cab,3.97,M
streamingaudio/rgn_bb_r200_lowerfloor.pck,3.92,M
data/chunks/part_03__s_014_vista.oppc,3.86,M
data/chunks/ebp_sets__entourage_mira.oppc,3.84,M
streamingaudio/rgn_s27_r300.pck,3.83,M
data/chunks/part_01__s_002_vista.oppc,3.78,M
streamingaudio/rgn_fa_r500_turret.pck,3.76,M
data/chunks/ebp_sets__ui_fe_set.oppc,3.74,M
streamingaudio/rgn_bb_r100_midfloor.pck,3.74,M
streamingaudio/rgn_fa_r300_cargo.pck,3.72,M
streamingaudio/rgn_s16_r650.pck,3.72,M
data/chunks/part_01__s_006_r350_entrance.oppc,3.71,M
data/chunks/ebp_sets__ui_fe_player_set.oppc,3.7,M
data/chunks/ebp_sets__s019-001.oppc,3.69,M
data/game.shadercache,3.59,M
streamingaudio/rgn_s16_r400.pck,3.57,M
data/chunks/part_01__s_006_r400_exterior.oppc,3.55,M
data/packages/ui_fe.oppc,3.44,M
streamingaudio/rgn_s02_r200.pck,3.42,M
streamingaudio/rgn_s16_r850.pck,3.34,M
streamingaudio/rgn_s_03_r100.pck,3.31,M
data/chunks/part_01__s_006_r400_exterior_norail.oppc,3.27,M
streamingaudio/rgn_s20_r300.pck,3.24,M
data/chunks/part_02_04__s_020_vista.oppc,3.24,M
streamingaudio/rgn_s16_r800.pck,3.23,M
data/chunks/part_01__s_006_r200_interior.oppc,3.2,M
streamingaudio/rgn_s8_23_24_r400.pck,3.19,M
streamingaudio/rgn_fa_r100_start.pck,3.19,M
streamingaudio/rgn_s12_r475.pck,3.18,M
streamingaudio/rgn_s12_r600.pck,3.17,M
streamingaudio/rgn_s12_r400.pck,3.17,M
redist/directx/Aug2009_d3dcsx_42_x86.cab,3.17,M
streamingaudio/rgn_s_03_r500.pck,3.13,M
streamingaudio/rgn_s16_r600.pck,3,M
streamingaudio/french(france)/speech_ram_new.pck,2.98,M
streamingaudio/spanish(spain)/speech_ram_new.pck,2.98,M
streamingaudio/speech_ram_new.pck,2.98,M
streamingaudio/italian/speech_ram_new.pck,2.98,M
streamingaudio/russian/speech_ram_new.pck,2.98,M
streamingaudio/german/speech_ram_new.pck,2.98,M
redist/directx/Aug2009_d3dcsx_42_x64.cab,2.97,M
data/chunks/part_01__s_006_sky.oppc,2.94,M
data/chunks/part_01__s_006_r350_exit.oppc,2.89,M
streamingaudio/rgn_bs_r300_junction.pck,2.84,M
streamingaudio/air_rgn_ttl_r050_airlock.pck,2.83,M
streamingaudio/air_rgn_fa_r600_airlock.pck,2.8,M
streamingaudio/rgn_bs_r200_canal.pck,2.74,M
streamingaudio/rgn_rdb_r950.pck,2.69,M
streamingaudio/rgn_s04_r300.pck,2.69,M
streamingaudio/rgn_ioe_r100_sewer.pck,2.63,M
streamingaudio/rgn_s12_r200.pck,2.63,M
streamingaudio/air_rgn_s_03_r000.pck,2.62,M
redist/vcredist_x86.exe,2.6,M
streamingaudio/rgn_ioe_r200_shaft.pck,2.58,M
streamingaudio/air_rgn_bb_r150_mainlift.pck,2.54,M
streamingaudio/rgn_ioe_r400_waterworks.pck,2.51,M
streamingaudio/rgn_s09_r200.pck,2.51,M
streamingaudio/air_rgn_s28_r100.pck,2.46,M
streamingaudio/rgn_s28_r300.pck,2.46,M
streamingaudio/air_rgn_s_030_r001.pck,2.45,M
streamingaudio/rgn_s29_r050.pck,2.39,M
streamingaudio/air_rgn_s04_r050.pck,2.37,M
streamingaudio/rgn_bs_r150_inquisitor.pck,2.37,M
streamingaudio/rgn_bs_r000_landing.pck,2.37,M
streamingaudio/rgn_bs_r100_digga.pck,2.37,M
streamingaudio/foley.pck,2.36,M
streamingaudio/air_rgn_s04_r250.pck,2.36,M
streamingaudio/rgn_s13_r200.pck,2.34,M
data/chunks/part_02_04__s_007_sky.oppc,2.33,M
streamingaudio/rgn_rdb_r800.pck,2.33,M
streamingaudio/rgn_s27_r100.pck,2.32,M
data/chunks/part_03__s_014_sky.oppc,2.31,M
streamingaudio/world_objects.pck,2.29,M
streamingaudio/weapon_thunderhammer.pck,2.28,M
data/chunks/part_02_04__s_022_sky.oppc,2.28,M
streamingaudio/rgn_s8_23_24_rc050.pck,2.25,M
streamingaudio/air_rgn_s28_r400.pck,2.24,M
data/chunks/part_02_04__s_024_sky.oppc,2.22,M
data/chunks/part_02_04__s_012_sky.oppc,2.18,M
streamingaudio/air_rgn_s04_r350.pck,2.16,M
streamingaudio/rgn_rdb_r600.pck,2.15,M
data/chunks/part_05__s_032_sky.oppc,2.12,M
streamingaudio/rgn_s8_23_24_r950.pck,2.09,M
streamingaudio/air_rgn_s_03_r400.pck,2.04,M
streamingaudio/air_rgn_s21_r500.pck,2.03,M
data/packages/ig_artillery_platform.oppc,2.01,M
streamingaudio/player1_chaos.pck,2.01,M
streamingaudio/rgn_rdb_r200.pck,2.01,M
streamingaudio/rgn_rdb_r400.pck,2,M
data/packages/ig_artillery_cannon.oppc,2,M
data/chunks/part_03__s_015_sky.oppc,1.96,M
streamingaudio/rgn_s8_23_24_r600.pck,1.94,M
streamingaudio/rgn_bb_r000_station.pck,1.92,M
streamingaudio/rgn_s8_23_24_r800.pck,1.92,M
streamingaudio/weapon_power_axe.pck,1.92,M
streamingaudio/player1_vanguard.pck,1.9,M
data/chunks/part_02_04__s_020_sky.oppc,1.9,M
streamingaudio/rgn_s28_r000.pck,1.89,M
streamingaudio/jump_pack.pck,1.89,M
redist/directx/Mar2009_d3dx9_41_x64.cab,1.88,M
streamingaudio/air_rgn_s02_r100.pck,1.85,M
streamingaudio/air_rgn_s8_23_24_rc500.pck,1.82,M
streamingaudio/air_rgn_s27_r050.pck,1.82,M
streamingaudio/air_rgn_s27_r600.pck,1.82,M
data/chunks/ebp_sets__s027-002.oppc,1.82,M
redist/directx/Nov2008_d3dx9_40_x64.cab,1.82,M
streamingaudio/air_rgn_s16_r100.pck,1.81,M
data/chunks/part_01__s_003_sky.oppc,1.81,M
streamingaudio/air_rgn_s_03_r200.pck,1.8,M
streamingaudio/rgn_s8_23_24_r200.pck,1.8,M
streamingaudio/rgn_ttl_200_wlkway.pck,1.79,M
streamingaudio/air_rgn_s12_r100.pck,1.78,M
data/chunks/part_02_04__s_027_sky.oppc,1.75,M
data/chunks/part_05__s_027_sky.oppc,1.75,M
data/chunks/part_01__s_006_r300_tunnel.oppc,1.75,M
streamingaudio/ui_in_game.pck,1.72,M
redist/directx/Nov2007_d3dx9_36_x64.cab,1.72,M
streamingaudio/air_rgn_rdb_r700_airlock.pck,1.72,M
streamingaudio/weapon_plasma_cannon.pck,1.72,M
redist/directx/AUG2007_d3dx9_35_x64.cab,1.72,M
redist/directx/Aug2008_d3dx9_39_x64.cab,1.71,M
redist/directx/JUN2008_d3dx9_38_x64.cab,1.71,M
streamingaudio/air_rgn_sd_r100.pck,1.71,M
streamingaudio/air_rgn_s12_r700.pck,1.7,M
streamingaudio/weapon_chainsword.pck,1.69,M
redist/directx/Mar2008_d3dx9_37_x64.cab,1.69,M
streamingaudio/abilities.pck,1.68,M
streamingaudio/air_rgn_s20_r200.pck,1.67,M
streamingaudio/air_rgn_s04_r500.pck,1.66,M
streamingaudio/air_rgn_rdb_r500_airlock.pck,1.64,M
data/packages/ui_common.oppc,1.63,M
redist/directx/Nov2007_d3dx9_36_x86.cab,1.63,M
redist/directx/AUG2007_d3dx9_35_x86.cab,1.63,M
streamingaudio/air_rgn_s21_r100.pck,1.55,M
streamingaudio/air_rgn_s21_r300.pck,1.55,M
streamingaudio/rgn_s21_r400.pck,1.55,M
streamingaudio/rgn_s21_r200.pck,1.55,M
redist/directx/Mar2009_d3dx9_41_x86.cab,1.54,M
redist/directx/JUN2007_d3dx9_34_x64.cab,1.53,M
redist/directx/APR2007_d3dx9_33_x64.cab,1.53,M
redist/directx/JUN2007_d3dx9_34_x86.cab,1.53,M
redist/directx/APR2007_d3dx9_33_x86.cab,1.53,M
streamingaudio/rgn_ttl_100_landpd.pck,1.52,M
data/packages/wargear.oppc,1.5,M
streamingaudio/air_rgn_s12_r450.pck,1.5,M
redist/directx/DEC2006_d3dx9_32_x86.cab,1.5,M
redist/directx/DEC2006_d3dx9_32_x64.cab,1.5,M
streamingaudio/air_rgn_s8_23_24_rb100.pck,1.5,M
redist/directx/dsetup32.dll,1.49,M
redist/directx/Nov2008_d3dx9_40_x86.cab,1.48,M
streamingaudio/weapon_plasma_gun.pck,1.45,M
streamingaudio/air_rgn_s13_r100.pck,1.44,M
streamingaudio/air_rgn_s13_r300.pck,1.44,M
streamingaudio/air_rgn_s13_r500.pck,1.44,M
streamingaudio/rgn_s13_r400.pck,1.44,M
data/chunks/ebp_sets__sequence2_entourage_units.oppc,1.43,M
data/packages/squig_bomb.oppc,1.41,M
streamingaudio/air_rgn_s8_23_24_rc100.pck,1.41,M
streamingaudio/rgn_s8_23_24_seq24.pck,1.41,M
redist/directx/Aug2008_d3dx9_39_x86.cab,1.4,M
redist/directx/JUN2008_d3dx9_38_x86.cab,1.4,M
streamingaudio/air_rgn_s8_23_24_rc025.pck,1.39,M
streamingaudio/air_rgn_s16_r825.pck,1.39,M
redist/directx/Mar2008_d3dx9_37_x86.cab,1.38,M
streamingaudio/air_rgn_rdb_r300_airlock.pck,1.37,M
streamingaudio/rgn_s29_r000.pck,1.36,M
redist/directx/OCT2006_d3dx9_31_x64.cab,1.35,M
redist/directx/Apr2006_d3dx9_30_x64.cab,1.33,M
streamingaudio/air_rgn_s12_r300.pck,1.33,M
redist/directx/Feb2006_d3dx9_29_x64.cab,1.3,M
redist/directx/Dec2005_d3dx9_28_x64.cab,1.3,M
redist/directx/Aug2005_d3dx9_27_x64.cab,1.29,M
data/chunks/ebp_sets__s029-002.oppc,1.29,M
redist/directx/Apr2005_d3dx9_25_x64.cab,1.28,M
redist/directx/Jun2005_d3dx9_26_x64.cab,1.27,M
streamingaudio/air_rgn_s16_r300.pck,1.27,M
data/packages/ig_artillery_salamander.oppc,1.26,M
data/packages/cinematic_demon_prince.oppc,1.22,M
data/packages/cinematic_warboss.oppc,1.21,M
data/packages/ebps.oppc,1.21,M
streamingaudio/rgn_fa_r700_railcars.pck,1.21,M
data/packages/weirdboy_staff.oppc,1.2,M
redist/directx/Feb2005_d3dx9_24_x64.cab,1.19,M
streamingaudio/air_rgn_s06_r150.pck,1.19,M
streamingaudio/weapon_heavy_bolter.pck,1.18,M
streamingaudio/air_rgn_fa_r400_airlock.pck,1.17,M
streamingaudio/air_rgn_ioe_r150_airlock.pck,1.17,M
streamingaudio/air_rgn_s8_23_24_r300.pck,1.16,M
data/packages/ui_ingame.oppc,1.12,M
streamingaudio/air_rgn_bb_r350_airlock.pck,1.12,M
streamingaudio/air_rgn_s16_r625.pck,1.12,M
streamingaudio/weapon_plasma_pistol.pck,1.11,M
streamingaudio/air_rgn_rdb_r100_airlock.pck,1.1,M
streamingaudio/rgn_s8_23_24_rc400.pck,1.09,M
redist/directx/OCT2006_d3dx9_31_x86.cab,1.07,M
streamingaudio/region_b.pck,1.07,M
streamingaudio/air_rgn_rdb_r900_airlock.pck,1.07,M
redist/directx/Apr2006_d3dx9_30_x86.cab,1.06,M
streamingaudio/air_rgn_s12_r500.pck,1.06,M
streamingaudio/weapon_bolter.pck,1.06,M
redist/directx/Feb2006_d3dx9_29_x86.cab,1.03,M
data/packages/sm_armour_basic_upres_torso.oppc,1.03,M
redist/directx/Dec2005_d3dx9_28_x86.cab,1.03,M
redist/directx/Apr2005_d3dx9_25_x86.cab,1.03,M
redist/directx/Aug2005_d3dx9_27_x86.cab,1.03,M
data/packages/ig_artillery_shield.oppc,1.03,M
data/packages/sm_jumppack_mp_basic_001.oppc,1.02,M
redist/directx/Mar2009_d3dx10_41_x64.cab,1.02,M
redist/directx/Jun2005_d3dx9_26_x86.cab,1.02,M
streamingaudio/rgn_ioe_r600_bossarena.pck,1.01,M
streamingaudio/air_rgn_fa_r200_airlock.pck,1.01,M
data/chunks/part_03__s_014_r150_orkpit_a.oppc,1022.51,K
redist/directx/Mar2009_d3dx10_41_x86.cab,1016.35,K
streamingaudio/weapon_bolt_pistol.pck,1009.67,K
streamingaudio/air_rgn_ttl_250.pck,1005.07,K
redist/directx/Feb2005_d3dx9_24_x86.cab,989.48,K
streamingaudio/air_rgn_s16_r500.pck,975.08,K
streamingaudio/weapon_sniper_rifle.pck,972.42,K
redist/directx/Nov2008_d3dx10_40_x64.cab,970.85,K
dbghelp.dll,963,K
streamingaudio/air_rgn_ttl_150.pck,962.95,K
streamingaudio/air_rgn_s27_r400.pck,959.66,K
streamingaudio/air_rgn_s27_r200.pck,959.66,K
redist/directx/Nov2008_d3dx10_40_x86.cab,942.79,K
data/packages/sm_armour_basic_upres_backpack.oppc,940.46,K
streamingaudio/weapon_chain_axe.pck,924.33,K
redist/directx/Jun2010_D3DCompiler_43_x64.cab,922.32,K
data/packages/sm_jumppack_mp_basic_001_tsf.oppc,920.07,K
streamingaudio/air_rgn_s09_r100.pck,919.88,K
redist/directx/Jun2010_d3dx9_43_x64.cab,915.28,K
redist/directx/Jun2010_D3DCompiler_43_x86.cab,909.64,K
redist/directx/Aug2009_d3dx9_42_x64.cab,908.32,K
data/chunks/ebp_sets__s023-001.oppc,901.28,K
streamingaudio/air_rgn_s8_23_24_r500.pck,897.72,K
streamingaudio/air_rgn_s8_23_24_r700.pck,897.72,K
data/locale/german/ucs.pc,897.66,K
data/locale/french/ucs.pc,897.62,K
redist/directx/Aug2009_D3DCompiler_42_x64.cab,897.5,K
data/packages/cinematic_sidonus.oppc,896.67,K
data/packages/hbolter_thunderhawk_front.oppc,895.68,K
redist/directx/Apr2006_MDX1_x86.cab,894.95,K
data/locale/dutch/ucs.pc,886.8,K
data/locale/italian/ucs.pc,882.49,K
redist/directx/Aug2009_D3DCompiler_42_x86.cab,879.49,K
data/locale/english/ucs.pc,864,K
data/locale/polish/ucs.pc,852.95,K
data/locale/spanish/ucs.pc,851.78,K
redist/directx/JUN2008_d3dx10_38_x64.cab,847.49,K
redist/directx/Aug2008_d3dx10_39_x64.cab,847.28,K
redist/directx/Nov2007_d3dx10_36_x64.cab,844.34,K
data/packages/cinematic_mira.oppc,844.07,K
streamingaudio/air_rgn_ioe_r450_airlock.pck,842.5,K
data/locale/russian/ucs.pc,835.25,K
redist/directx/AUG2007_d3dx10_35_x64.cab,832.31,K
redist/directx/JUN2008_d3dx10_38_x86.cab,830,K
streamingaudio/air_rgn_s8_23_24_r100.pck,829.83,K
redist/directx/Aug2008_d3dx10_39_x86.cab,829.26,K
data/packages/cinematic_leandros.oppc,826,K
redist/directx/Mar2008_d3dx10_37_x64.cab,825.08,K
streamingaudio/air_rgn_ioe_r300_airlock.pck,821.81,K
data/config/chunkconfig.bin,819.25,K
data/locale/czech/ucs.pc,810.31,K
data/packages/cinematic_titus.oppc,809.38,K
data/packages/cinematic_drogan.oppc,808.12,K
streamingaudio/rgn_sd_r400.pck,807.61,K
streamingaudio/air_rgn_sd_r300.pck,800.97,K
redist/directx/Mar2008_d3dx10_37_x86.cab,799.08,K
data/packages/ingame_titus.oppc,798.31,K
streamingaudio/air_rgn_s8_23_24_rc300.pck,797.75,K
streamingaudio/air_rgn_s8_23_24_r900.pck,797.75,K
redist/directx/Nov2007_d3dx10_36_x86.cab,785.04,K
data/chunks/part_01__s_001_r001_intro.oppc,778.38,K
redist/directx/AUG2007_d3dx10_35_x86.cab,778.19,K
data/packages/bolter_mp_gold.oppc,750.67,K
redist/directx/Jun2010_d3dx9_43_x86.cab,750.04,K
data/packages/plasmacannon_mp_basic.oppc,745.22,K
redist/directx/Jun2010_d3dcsx_43_x86.cab,744.32,K
data/packages/sm_armour_basic_upres_shldrr.oppc,737.32,K
data/packages/ingame_mira.oppc,737.25,K
data/packages/guardsman_cinematic.oppc,736,K
redist/directx/Jun2010_d3dcsx_43_x64.cab,735.14,K
data/packages/sm_jumppack_mp_basic_001_wg.oppc,727.28,K
data/packages/ingame_sidonus.oppc,721.97,K
redist/directx/Aug2009_d3dx9_42_x86.cab,711.38,K
data/packages/heavybolter_mp_basic.oppc,708.74,K
streamingaudio/weapon_lascannon.pck,707.58,K
data/packages/sm_plasmacannon_mp_bp_001.oppc,704.31,K
unins000.exe,698.28,K
data/packages/stormbolter.oppc,686.57,K
redist/directx/JUN2007_d3dx10_34_x64.cab,682.66,K
redist/directx/APR2007_d3dx10_33_x64.cab,682.24,K
redist/directx/JUN2007_d3dx10_34_x86.cab,682.1,K
redist/directx/APR2007_d3dx10_33_x86.cab,679.56,K
data/packages/hbolter_thunderhawk_wings.oppc,678.31,K
streamingaudio/weapon_storm_bolter.pck,669.9,K
streamingaudio/weapon_powersword.pck,668.5,K
data/packages/bolter_mp_gold_tsf.oppc,667.71,K
data/packages/sm_armour_basic_upres_helmet.oppc,660.72,K
data/packages/ingame_leandros.oppc,657.46,K
data/packages/sm_plasmacannon_mp_bp_001_tsf.oppc,653.9,K
data/packages/ingame_drogan.oppc,649.85,K
data/packages/sm_armour_basic_upres_helmet_wg.oppc,648.43,K
data/packages/sm_hbolter_backpack_001.oppc,645.25,K
data/packages/servi_turret_bolter.oppc,643.66,K
data/packages/cinematic_thrax.oppc,629.82,K
data/packages/sm_armour_basic_upres_legr.oppc,605.43,K
data/packages/servi_turret_rocket.oppc,601.32,K
data/packages/bolter_mp_basic.oppc,587.7,K
streamingaudio/air_rgn_s16_r700.pck,586.14,K
data/packages/chaos_predator_autocannon.oppc,584.91,K
data/packages/sm_jumppack_basic_001.oppc,581.57,K
streamingaudio/air_rgn_s16_r900.pck,578.06,K
data/packages/stormbolter_mp_basic.oppc,575.22,K
data/packages/sm_armour_basic_upres_belt_fe.oppc,560.25,K
SKIDROW.exe,560,K
streamingaudio/weapon_melta.pck,553.37,K
data/packages/chaos_lascannon_mp.oppc,552.92,K
data/packages/sm_armour_basic_upres_armr.oppc,551.46,K
data/packages/heavybolter_mp_basic_tsf.oppc,549.02,K
data/packages/lascannon_mp_basic.oppc,548.75,K
data/packages/bolter.oppc,538.34,K
data/packages/chaos_unholy_bolter_mp.oppc,534.64,K
data/packages/nob_waaagh_banner.oppc,531.9,K
data/packages/plasmacannon_mp_basic_tsf.oppc,528.82,K
data/packages/chaos_heavybolter_mp.oppc,528.61,K
data/packages/chaos_bolter_mp.oppc,521.34,K
data/packages/csm_armour_mp_raptor_01_helmet.oppc,520.12,K
data/packages/sm_lascannon_mp_bp_001.oppc,519.92,K
data/packages/ig_artillery_dozerblade.oppc,519.63,K
data/packages/chaos_tl_bolter_mp.oppc,515.52,K
data/packages/meltagun_mp_basic.oppc,513.34,K
data/packages/chaos_meltagun_mp.oppc,510.98,K
data/packages/turret_aa.oppc,509.23,K
data/packages/sm_generic_mp_bp_001.oppc,508.69,K
redist/directx/DXSETUP.exe,505.84,K
data/packages/csm_jumpack_mp_basic.oppc,505.41,K
data/packages/bolter_stalker_pattern.oppc,502.32,K
data/packages/chaos_bolter_poss_mp.oppc,501.47,K
data/packages/chaos_plasmacannon_mp.oppc,499,K
data/packages/bolter_mp_basic_tsf.oppc,487.83,K
data/packages/bolter_mp_gold_tst.oppc,485.47,K
data/config/packages.xml.bin,477.99,K
data/packages/csm_armour_basic_helmet.oppc,477.51,K
data/packages/sm_lascannon_mp_bp_001_tsf.oppc,470.38,K
data/packages/stormbolter_mp_basic_tsf.oppc,469.75,K
data/packages/chaos_unholy_bolter_mp_tsf.oppc,455.54,K
data/packages/csm_armour_mp_ironwarr_torso.oppc,452.16,K
data/packages/sm_armour_basic_upres_shldrl.oppc,444.28,K
data/packages/bolter_stalker_mp_basic.oppc,441.2,K
data/packages/chaos_bolter_mp_tsf.oppc,441.17,K
data/packages/sm_armour_black_temp_torso.oppc,437.43,K
data/packages/cinematic_chaos_lord.oppc,432.73,K
data/packages/chaos_plasmagun_mp.oppc,431.1,K
data/packages/chaos_tl_bolter_mp_tsf.oppc,430.07,K
data/packages/chaos_lascannon_mp_tsf.oppc,423.62,K
data/packages/grenadelauncher_mp_basic.oppc,420.44,K
data/packages/sm_generic_mp_bp_001_tsf.oppc,417.72,K
data/packages/csm_armour_havoc_torso.oppc,414.83,K
data/packages/plasmagun_mp_basic.oppc,411.75,K
data/packages/chaos_meltagun_mp_tsf.oppc,410.71,K
data/packages/chaos_heavybolter_mp_tsf.oppc,408.93,K
data/packages/sm_armour_sidonus_torso.oppc,407.98,K
data/packages/csm_armour_mp_ironwarr_backpack.oppc,406.52,K
data/packages/meltagun_mp_basic_tsf.oppc,403.12,K
data/packages/chaos_heavybolter.oppc,401,K
data/packages/chaos_bolter_poss_mp_tsf.oppc,397.52,K
data/packages/sm_armour_blacktemp_torso.oppc,396.57,K
data/packages/heavybolter_mp_basic_tst.oppc,396.29,K
data/packages/lascannon_mp_basic_tsf.oppc,394.32,K
data/packages/chaos_plasmacannon_mp_tsf.oppc,393.71,K
data/packages/csm_armour_mp_raptor_01_helmet_tsf.oppc,389.47,K
data/packages/csm_armour_mp_raptor_01_legr.oppc,387.44,K
data/packages/csm_armour_basic_torso.oppc,386.97,K
data/packages/sm_armour_mp_master_002_torso.oppc,386.64,K
data/packages/plasmacannon_mp_basic_tst.oppc,386.4,K
streamingaudio/air_rgn_ioe_r050_elevator.pck,385.39,K
data/packages/sm_armour_basic_upres_legl.oppc,384.91,K
data/packages/sm_armour_mp_spacewolves_torso.oppc,384.21,K
streamingaudio/weapon_autocannon.pck,383.75,K
data/packages/csm_armour_mp_raptor_01_legl.oppc,382.69,K
streamingaudio/weapon_missile_launcher.pck,382.17,K
data/packages/sm_armour_black_temp_backpack.oppc,382.01,K
data/packages/sm_armour_blacktemp_backpack.oppc,382.01,K
data/packages/kombishoota.oppc,380.29,K
streamingaudio/weapon_grenade_launcher.pck,379.98,K
data/packages/sm_armour_basic_upres_arml.oppc,379.71,K
data/packages/sm_armour_mp_spacewolves_bp.oppc,377.52,K
data/packages/guardsman_cinematic_a.oppc,375.79,K
data/packages/chaos_lascannon.oppc,374.89,K
data/packages/guardsman_cinematic_c.oppc,373.76,K
data/packages/sm_armour_leandros_torso.oppc,372.89,K
data/packages/chaos_plasmagun_mp_tsf.oppc,371.57,K
data/packages/guardsman_cinematic_b.oppc,368.77,K
data/packages/guardsman_head_basic_001.oppc,367.72,K
data/packages/sm_armour_mp_master_001_legl.oppc,365.11,K
data/packages/unholyrelic_chainsword_mp.oppc,363.99,K
data/packages/bolter_stalker_mp_basic_tsf.oppc,363.89,K
data/packages/chaos_bolter_possessed.oppc,363.04,K
data/packages/csm_armour_havoc_backpack.oppc,362.67,K
data/packages/guardsman_cinematic_d.oppc,361.83,K
data/packages/csm_armour_mp_berserk_01_bp_wg.oppc,360.42,K
data/packages/csm_armour_mp_children_torso.oppc,358.57,K
data/packages/bolter_mp_basic_tst.oppc,358.25,K
data/packages/killa_kan_shoota.oppc,356.7,K
data/packages/chaos_chainsword.oppc,354.99,K
data/packages/sm_armour_mp_bloodravens_torso.oppc,354.84,K
data/packages/sm_armour_leandros_backpack.oppc,351.62,K
data/packages/csm_armour_berserker_helmet.oppc,350.58,K
data/packages/sm_armour_blood_ravens_backpack.oppc,350.48,K
data/packages/chaos_plasmapistol_mp.oppc,350.4,K
data/packages/chaos_plasmacannon.oppc,350.09,K
data/packages/chainaxe.oppc,349.17,K
data/packages/chaos_bolter.oppc,349.11,K
data/packages/stormbolter_mp_basic_tst.oppc,343.64,K
data/packages/csm_armour_mp_havoc_03_torso_wg.oppc,343.04,K
data/packages/csm_armour_havoc_helmet.oppc,342.45,K
data/packages/sm_armour_basic_001_torso.oppc,342.45,K
data/packages/grenadelauncher_mp_basic_tsf.oppc,342.09,K
data/packages/csm_armour_mp_berserk_01_helmet_wg.oppc,342.01,K
data/packages/sm_armour_mp_librarian_torso_wg.oppc,341.45,K
data/packages/sm_armour_dark_angels_torso.oppc,339.64,K
Steamclient.dll,338.5,K
data/packages/sm_armour_sidonus_backpack.oppc,336.87,K
data/packages/csm_armour_mp_ironwarr_helmet.oppc,335.52,K
data/packages/sm_armour_blood_ravens_torso.oppc,334.76,K
data/packages/chaos_unholy_bolter_mp_tst.oppc,334.31,K
data/packages/sm_hab_lock_loading.oppc,333.86,K
data/packages/plasmagun_mp_basic_tsf.oppc,333.26,K
data/packages/csm_armour_mp_raptor_03_torso.oppc,332.23,K
data/packages/sm_armour_corvus_helmet.oppc,330.39,K
data/packages/guardsman_ingame_d.oppc,329.47,K
data/packages/chaos_boltpistol_mp.oppc,327.8,K
data/packages/sm_armour_mp_bloodravens_bp.oppc,327.45,K
data/packages/power_axe.oppc,327.2,K
data/packages/boy_pro_rocketlauncher.oppc,326.95,K
data/packages/unholyrelic_chainsword_mp_tsf.oppc,326.91,K
data/packages/ui_common_pc.oppc,325.46,K
data/packages/guardsman_ingame_a.oppc,325.42,K
data/packages/sm_armour_basic_001_backpack.oppc,325.34,K
data/packages/csm_armour_mp_children_bp.oppc,325.25,K
data/packages/csm_armour_mp_havoc_03_backpack_wg.oppc,324.75,K
data/packages/guardsman_ingame_c.oppc,324.59,K
data/packages/sm_armour_black_temp_helmet.oppc,323.44,K
data/packages/sm_armour_dark_angels_backpack.oppc,323.41,K
data/packages/hbolter_turret.oppc,323.27,K
data/packages/chaos_bolter_mp_tst.oppc,323.05,K
data/packages/csm_armour_mp_raptor_01_torso_wg.oppc,322.89,K
data/packages/sm_armour_mp_bloodravens_helmet.oppc,322.74,K
data/packages/csm_armour_mp_havoc_01_backpack_wg.oppc,322.43,K
data/packages/sm_armour_mp_master_001_torso.oppc,321.84,K
data/packages/grenadelauncher.oppc,320.33,K
data/packages/chaos_plasmagun.oppc,320.21,K
data/packages/csm_armour_mp_berserk_03_helmet_wg.oppc,319.64,K
data/packages/lascannon.oppc,319.63,K
data/packages/util.oppc,318.64,K
data/packages/guardsman_ingame_b.oppc,318.09,K
data/packages/chaos_chainsword_tsf.oppc,317.76,K
data/packages/heavybolter.oppc,316.42,K
data/packages/csm_armour_basic_backpack.oppc,316.03,K
data/packages/chaos_tl_bolter_mp_tst.oppc,315.55,K
data/packages/csm_armour_mp_berserk_02_torso_wg.oppc,315.06,K
data/packages/csm_armour_mp_berserk_01_torso_wg.oppc,313.35,K
data/packages/sm_armour_mp_basic_torso_wg.oppc,313.31,K
data/packages/csm_armour_mp_havoc_02_torso_wg.oppc,312.55,K
data/packages/sm_armour_mp_basic_helmet_wg.oppc,312.25,K
data/packages/ugechoppa.oppc,311.88,K
data/packages/prochoppa.oppc,311.68,K
data/packages/csm_armour_mp_havoc_01_torso_wg.oppc,311.45,K
data/packages/defaulthead.oppc,310.97,K
data/packages/hellblade.oppc,310.93,K
data/packages/sm_armour_leandros_helmet.oppc,309.66,K
data/packages/sm_armour_mp_master_001_legl_v.oppc,309.16,K
data/packages/chaos_lascannon_mp_tst.oppc,309.08,K
data/packages/plasmapistol_mp_basic.oppc,307.49,K
data/packages/csm_armour_mp_havoc_03_helmet_wg.oppc,306.76,K
data/packages/sm_armour_blood_ravens_helmet.oppc,306.74,K
data/packages/csm_armour_mp_children_helmet.oppc,306.54,K
data/packages/csm_armour_mp_berserk_02_helmet_wg.oppc,304.55,K
data/packages/csm_armour_mp_berserk_03_torso_wg.oppc,304.32,K
data/packages/csm_armour_mp_raptor_02_torso_wg.oppc,304.32,K
data/packages/sm_armour_mp_mk4_backpack_wg.oppc,302.81,K
data/packages/csm_armour_mp_berserk_02_bp_wg.oppc,302.68,K
data/packages/sm_hbolter_mp_bp_001.oppc,302.21,K
data/packages/goremap.oppc,302.05,K
data/packages/ugeshoota.oppc,301.9,K
data/packages/chainaxe_tsf.oppc,301.47,K
data/packages/csm_armour_mp_berserk_02_torso.oppc,300.26,K
data/packages/chaos_meltagun_mp_tst.oppc,299.38,K
data/packages/csm_armour_mp_berserk_03_bp_wg.oppc,298.79,K
data/packages/sm_armour_mp_librarian_backpack_wg.oppc,298.12,K
data/packages/chainsword_gold.oppc,297.91,K
data/packages/chaos_heavybolter_mp_tst.oppc,297.17,K
data/packages/chainsword_mp_mastercraft.oppc,297.13,K
data/packages/sm_armour_basic_001_helmet.oppc,296.56,K
data/packages/chaos_plasmapistol_mp_tsf.oppc,295.21,K
data/packages/meltagun.oppc,295.14,K
data/packages/chaos_bolter_poss_mp_tst.oppc,293.55,K
data/packages/sm_lascannon_backpack_001.oppc,293.45,K
data/packages/sm_armour_mp_mk4_helmet_wg.oppc,293.36,K
data/packages/sm_armour_dark_angels_helmet.oppc,292.73,K
data/packages/sm_armour_mp_veteran_backpack_wg.oppc,291.44,K
data/packages/csm_armour_mp_havoc_02_backpack_wg.oppc,291.32,K
data/packages/sm_armour_mp_master_001_torso_wg.oppc,291.24,K
data/packages/csm_armour_mp_raptor_03_torso_wg.oppc,290.15,K
data/packages/meltagun_mp_basic_tst.oppc,289.93,K
data/packages/csm_armour_mp_havoc_01_helmet_wg.oppc,289.86,K
data/packages/sm_sewers_loading.oppc,289.32,K
data/packages/sm_armour_mp_mk6_torso.oppc,289.04,K
data/packages/sm_bridge_loading.oppc,288.47,K
data/packages/sm_armour_blacktemp_helmet.oppc,288.41,K
data/packages/lascannon_mp_basic_tst.oppc,288.32,K
data/packages/sm_armour_mp_veteran_torso_wg.oppc,287.75,K
data/packages/chaos_plasmacannon_mp_tst.oppc,286.07,K
data/packages/csm_jumpack_mp_basic_tsf.oppc,285.03,K
data/packages/sm_armour_mp_relic_helmet_wg.oppc,284.67,K
data/packages/sm_armour_mp_mk6_backpack_wg.oppc,284.62,K
data/packages/sm_armour_mp_damage_backpack_wg.oppc,284.46,K
data/packages/csm_armour_mp_ironwarr_torso_tsf.oppc,283.94,K
data/packages/sm_armour_mp_relic_backpack_wg.oppc,283.77,K
data/packages/csm_armour_mp_basic_torso_wg.oppc,282.1,K
data/packages/csm_armour_mp_raptor_01_helmet_wg.oppc,281.74,K
Launcher.exe,281.5,K
data/packages/sm_armour_mp_spacewolves_helmet.oppc,281.15,K
data/packages/sm_armour_mp_spacewolves_torso_tsf.oppc,280.43,K
data/packages/power_axe_tsf.oppc,278.86,K
data/packages/csm_armour_mp_havoc_02_torso.oppc,278.08,K
data/packages/sm_armour_mp_basic_backpack_wg.oppc,277.95,K
data/packages/sm_armour_mp_mk4_backpack.oppc,277.3,K
data/packages/turret_tripod_base.oppc,276.57,K
data/packages/sm_armour_black_temp_legr.oppc,276.13,K
data/packages/sm_armour_mp_damage_torso_wg.oppc,275.78,K
data/packages/sm_armour_mp_master_001_backpack_wg.oppc,275.71,K
data/packages/sm_armour_blacktemp_arml.oppc,274.95,K
data/packages/sm_armour_black_temp_arml.oppc,274.95,K
data/packages/sm_armour_mp_veteran_helmet_wg.oppc,274.55,K
data/packages/sm_armour_mp_master_002_torso_wg.oppc,274.37,K
unins000.dat,273.23,K
data/packages/csm_armour_mp_ironwarr_backpack_tsf.oppc,272.18,K
data/packages/sm_armour_blacktemp_legr.oppc,272.12,K
data/packages/csm_armour_mp_raptor_02_torso.oppc,271.81,K
redist/directx/Jun2010_XAudio_x86.cab,271.54,K
data/packages/chaos_plasmagun_mp_tst.oppc,271.36,K
bssndrpt.exe,271.19,K
redist/directx/Jun2010_XAudio_x64.cab,270.84,K
redist/directx/Feb2010_XAudio_x86.cab,270.69,K
redist/directx/Feb2010_XAudio_x64.cab,270.47,K
data/packages/sm_armour_mp_spacewolves_legr.oppc,270.26,K
data/packages/csm_armour_mp_children_torso_tsf.oppc,269.07,K
data/packages/sm_atrium_loading.oppc,268.98,K
redist/directx/Mar2009_XAudio_x64.cab,268.6,K
data/packages/sm_armour_black_temp_armr.oppc,268.6,K
data/packages/sm_armour_blacktemp_armr.oppc,268.59,K
data/packages/sm_armour_mp_librarian_torso.oppc,268.12,K
data/packages/sm_armour_mp_mk8_torso_wg.oppc,267.91,K
redist/directx/Nov2008_XAudio_x64.cab,267.54,K
data/packages/csm_armour_berserker_torso.oppc,267.4,K
data/packages/sm_armour_mp_damage_helmet_wg.oppc,267.35,K
redist/directx/Aug2009_XAudio_x64.cab,266.86,K
redist/directx/Mar2009_XAudio_x86.cab,266.62,K
data/packages/csm_armour_berserker_backpack.oppc,266.41,K
redist/directx/Aug2009_XAudio_x86.cab,266.25,K
redist/directx/Nov2008_XAudio_x86.cab,266.22,K
data/packages/sm_armour_mp_mk4_torso_wg.oppc,266.18,K
data/packages/chaos_boltpistol_mp_tsf.oppc,265.69,K
redist/directx/Aug2008_XAudio_x64.cab,265.05,K
data/packages/sm_armour_mp_veteran_torso.oppc,265.01,K
redist/directx/Aug2008_XAudio_x86.cab,264.69,K
data/packages/csm_armour_mp_children_helmet_tsf.oppc,264.61,K
data/packages/bolter_stalker_mp_basic_tst.oppc,264.05,K
data/packages/sm_armour_mp_mk6_torso_wg.oppc,263.75,K
redist/directx/JUN2008_XAudio_x64.cab,263.31,K
redist/directx/JUN2008_XAudio_x86.cab,262.72,K
data/packages/csm_armour_mp_havoc_02_helmet_wg.oppc,262.57,K
data/packages/csm_armour_mp_berserk_01_bp_tt1.oppc,261.83,K
data/packages/plasmapistol_mp_basic_tsf.oppc,261.38,K
data/packages/sm_armour_leandros_legl.oppc,259.33,K
data/packages/sm_armour_mp_spacewolves_bp_tsf.oppc,259.1,K
data/packages/csm_armour_mp_berserk_01_torso.oppc,258.82,K
data/packages/csm_armour_mp_children_bp_tsf.oppc,258.21,K
data/packages/sm_factory_loading.oppc,257.99,K
data/packages/sm_hbolter_mp_bp_001_tsf.oppc,257.91,K
data/packages/sm_armour_blacktemp_torso_tsf.oppc,257.56,K
data/packages/csm_armour_mp_havoc_03_torso.oppc,257.54,K
data/packages/csm_armour_mp_havoc_03_backpack.oppc,257.41,K
data/packages/csm_armour_mp_havoc_02_backpack.oppc,255.94,K
data/chunks/ebp_sets__s030-001.oppc,255.75,K
data/packages/csm_armour_mp_basic_helmet_wg.oppc,254.86,K
data/packages/csm_armour_mp_havoc_01_torso.oppc,254.65,K
data/packages/chainsword_gold_tsf.oppc,253.77,K
data/packages/sm_armour_mp_master_002_backpack_wg.oppc,253.63,K
data/packages/power_source.oppc,253.31,K
data/packages/sm_armour_mp_veteran_backpack.oppc,253.27,K
data/packages/sm_armour_mp_master_002_backpack.oppc,251.59,K
data/packages/sm_armour_mp_damage_torso.oppc,250.73,K
data/packages/sm_armour_mp_bloodravens_torso_tsf.oppc,250.56,K
data/packages/sm_armour_blacktemp_backpack_tsf.oppc,250.54,K
data/packages/sm_armour_mp_basic_torso.oppc,250.02,K
data/packages/csm_armour_mp_ironwarr_legl.oppc,249.82,K
data/packages/sm_armour_mp_librarian_backpack.oppc,249.27,K
data/packages/sm_armour_mp_bloodravens_bp_tsf.oppc,249.02,K
data/packages/csm_armour_mp_raptor_01_torso.oppc,248.46,K
data/packages/csm_armour_mp_berserk_01_helmet_tt1.oppc,248.44,K
data/packages/sm_armour_mp_librarian_torso_tt1.oppc,248.33,K
data/packages/csm_armour_mp_havoc_03_torso_tt1.oppc,247.92,K
data/packages/csm_armour_mp_basic_backpack_wg.oppc,247.47,K
data/packages/csm_armour_mp_berserk_03_torso.oppc,247.12,K
data/packages/sm_armour_black_temp_legl.oppc,246.09,K
data/packages/sm_armour_blacktemp_legl.oppc,246.09,K
data/packages/csm_armour_raptor_helmet.oppc,245.88,K
data/packages/csm_armour_mp_ironwarr_armr.oppc,245.8,K
redist/directx/Mar2008_XAudio_x64.cab,245.31,K
data/packages/csm_armour_mp_ironwarr_arml.oppc,245.27,K
data/packages/grenadelauncher_mp_basic_tst.oppc,244.8,K
data/packages/sm_armour_mp_basic_backpack.oppc,244.1,K
data/packages/sm_armour_leandros_legr.oppc,243.99,K
data/packages/sm_armour_mp_mk6_helmet_wg.oppc,243.1,K
data/packages/csm_armour_mp_ironwarr_helmet_tsf.oppc,243.02,K
data/packages/sm_armour_mp_mk8_torso.oppc,242.62,K
data/packages/unholyrelic_chainsword_mp_tst.oppc,242.37,K
data/packages/sm_armour_sidonus_legr.oppc,242.35,K
data/packages/boltpistol_mp_basic.oppc,242.15,K
data/packages/sm_armour_sidonus_legl.oppc,241.13,K
data/packages/sm_armour_mp_spacewolves_armr.oppc,240.99,K
data/packages/sm_armour_mp_spacewolves_arml.oppc,240.53,K
data/packages/plasmagun_mp_basic_tst.oppc,240.34,K
data/packages/sm_armour_mp_bloodravens_helmet_tsf.oppc,239.75,K
data/packages/csm_armour_basic_armr.oppc,239.55,K
data/packages/chainsword_mp_mastercraft_tsf.oppc,237.94,K
data/packages/sm_armour_mp_mk6_backpack.oppc,237.29,K
data/packages/chaos_chainsword_tst.oppc,235.86,K
data/packages/csm_armour_basic_arml.oppc,234.18,K
data/packages/csm_armour_mp_raptor_01_torso_tt1.oppc,233.63,K
data/packages/sm_armour_mp_damage_backpack.oppc,233.2,K
data/packages/csm_armour_mp_havoc_03_backpack_tt1.oppc,233.12,K
data/packages/sm_armour_mp_spacewolves_helmet_tsf.oppc,232.78,K
data/packages/csm_armour_mp_havoc_01_backpack_tt1.oppc,231.73,K
data/packages/csm_armour_raptor_torso.oppc,231.55,K
data/packages/csm_armour_mp_berserk_03_helmet_tt1.oppc,231.33,K
data/packages/sm_armour_mp_master_001_backpack.oppc,231.15,K
data/packages/csm_armour_raptor_backpack.oppc,231.14,K
data/packages/csm_armour_mp_raptor_01_legl_tsf.oppc,231.12,K
data/packages/sm_armour_blacktemp_helmet_tsf.oppc,230.67,K
redist/directx/Jun2010_d3dx10_43_x64.cab,230.42,K
data/packages/csm_armour_mp_berserk_02_bp.oppc,230.3,K
data/packages/sm_armour_mp_mk4_torso.oppc,229.76,K
data/packages/csm_armour_mp_berserk_02_torso_tt1.oppc,229.54,K
data/packages/csm_armour_basic_legl.oppc,228.73,K
data/packages/sm_armour_mp_basic_torso_tt1.oppc,228.19,K
data/packages/sm_armour_mp_master_001_helmet_wg.oppc,227.55,K
data/packages/sm_armour_leandros_armr.oppc,227.29,K
redist/directx/Aug2009_d3dx10_42_x64.cab,227.18,K
data/packages/csm_armour_mp_berserk_01_torso_tt1.oppc,226.46,K
data/packages/sm_armour_leandros_arml.oppc,226.03,K
data/packages/csm_armour_mp_havoc_02_torso_tt1.oppc,225.93,K
data/packages/sm_armour_mp_spacewolves_legl.oppc,225.87,K
bugsplat.dll,225.19,K
data/packages/sm_armour_mp_basic_helmet_tt1.oppc,224.98,K
data/packages/csm_armour_mp_havoc_01_torso_tt1.oppc,224.79,K
data/packages/csm_jumpack_mp_basic_v.oppc,223.95,K
data/packages/sm_armour_sidonus_arml.oppc,223.38,K
data/packages/csm_armour_mp_basic_torso.oppc,223.31,K
data/packages/csm_armour_mp_children_legl.oppc,223.04,K
data/packages/csm_armour_mp_ironwarr_legr.oppc,222.81,K
data/packages/csm_armour_mp_berserk_01_bp.oppc,222.75,K
data/packages/chainaxe_tst.oppc,221.71,K
data/packages/csm_armour_mp_raptor_01_legr_tsf.oppc,221.39,K
data/packages/csm_armour_mp_berserk_03_bp.oppc,221.05,K
redist/directx/Mar2008_XAudio_x86.cab,220.95,K
data/packages/csm_armour_mp_berserk_02_arml.oppc,220.57,K
data/packages/csm_armour_mp_berserk_02_helmet_tt1.oppc,220.55,K
data/packages/csm_armour_mp_havoc_03_helmet_tt1.oppc,220.41,K
data/packages/plasmacannon_mp_basic_v.oppc,220.16,K
data/packages/sm_armour_sidonus_armr.oppc,219.81,K
data/packages/csm_armour_mp_basic_helmet.oppc,219.74,K
data/packages/csm_armour_mp_berserk_02_bp_tt1.oppc,219.7,K
data/packages/csm_armour_mp_berserk_02_armr.oppc,219.68,K
data/packages/sm_armour_mp_mk4_backpack_tt1.oppc,219.46,K
data/packages/csm_armour_mp_raptor_02_torso_tt1.oppc,219.34,K
data/packages/csm_armour_mp_berserk_03_torso_tt1.oppc,219,K
data/packages/chaos_plasmapistol_mp_tst.oppc,218.12,K
data/packages/sm_armour_mp_bloodravens_armr.oppc,216.9,K
data/packages/sm_armour_mp_bloodravens_arml.oppc,216.83,K
data/packages/csm_armour_mp_berserk_03_bp_tt1.oppc,216.25,K
data/packages/shoota.oppc,216.24,K
data/packages/csm_armour_mp_raptor_03_torso_v.oppc,216,K
data/packages/sm_armour_mp_veteran_legl.oppc,215.9,K
data/packages/csm_armour_mp_children_legr.oppc,215.43,K
data/packages/sm_armour_mp_librarian_backpack_tt1.oppc,215.18,K
data/packages/sm_armour_blood_ravens_armr.oppc,214.8,K
data/packages/sm_armour_blood_ravens_arml.oppc,214.62,K
data/packages/sm_armour_mp_master_001_torso_tt1.oppc,212.98,K
data/packages/sm_armour_basic_001_armr.oppc,212.46,K
data/packages/sm_armour_basic_001_arml.oppc,212.19,K
data/packages/csm_armour_berserker_shldrr.oppc,212.08,K
data/packages/sm_armour_mp_mk4_helmet_tt1.oppc,211.88,K
data/packages/csm_armour_havoc_legl.oppc,210.94,K
data/packages/sm_armour_dark_angels_armr.oppc,210.81,K
data/packages/sm_armour_mp_veteran_backpack_tt1.oppc,210.66,K
data/packages/csm_armour_mp_raptor_03_torso_tt1.oppc,210.41,K
data/packages/sm_armour_dark_angels_arml.oppc,210.41,K
data/packages/csm_armour_havoc_legr.oppc,210.35,K
data/packages/csm_armour_mp_havoc_02_backpack_tt1.oppc,209.54,K
data/packages/sm_armour_mp_master_002_torso_tsf.oppc,209.53,K
data/packages/sm_armour_mp_bloodravens_legr.oppc,209.53,K
redist/directx/DEC2006_d3dx10_00_x64.cab,207.82,K
data/packages/csm_armour_mp_havoc_01_helmet_tt1.oppc,207.35,K
data/packages/sm_armour_mp_veteran_torso_tt1.oppc,207.02,K
data/packages/csm_armour_mp_ironwarr_torso_tst.oppc,206.97,K
data/packages/sm_armour_mp_spacewolves_torso_tst.oppc,205.73,K
data/packages/sm_armour_mp_relic_backpack_tt1.oppc,205.48,K
data/packages/sm_armour_mp_relic_helmet_tt1.oppc,205.06,K
data/packages/sm_armour_mp_mk6_backpack_tt1.oppc,204.83,K
data/packages/sm_armour_mp_bloodravens_legl.oppc,204.21,K
data/packages/csm_armour_mp_havoc_01_helmet.oppc,204.21,K
data/packages/csm_armour_mp_basic_torso_tt1.oppc,203.8,K
data/packages/csm_armour_havoc_armr.oppc,203.59,K
data/packages/csm_armour_mp_children_armr.oppc,203.06,K
data/packages/csm_armour_havoc_arml.oppc,202.95,K
data/packages/csm_armour_mp_havoc_01_backpack.oppc,202.8,K
data/packages/power_axe_tst.oppc,201.89,K
data/packages/csm_armour_mp_havoc_03_arml.oppc,201.67,K
data/packages/csm_armour_mp_children_arml.oppc,201.62,K
data/packages/sm_armour_mp_master_001_torso_v.oppc,201.51,K
data/packages/sm_armour_blood_ravens_legr.oppc,201.41,K
data/packages/csm_armour_mp_havoc_03_armr.oppc,201.15,K
data/packages/sm_armour_mp_damage_backpack_tt1.oppc,201.08,K
data/packages/sm_armour_mp_basic_backpack_tt1.oppc,201.06,K
data/packages/sm_armour_mp_master_001_backpack_tt1.oppc,200.98,K
data/packages/csm_armour_mp_havoc_03_legr.oppc,200.63,K
data/packages/csm_armour_mp_havoc_03_legl.oppc,200.34,K
data/packages/sm_armour_blood_ravens_legl.oppc,200.32,K
data/packages/sm_armour_mp_relic_backpack.oppc,200.28,K
data/packages/ardboychoppa_01.oppc,199.73,K
data/packages/choppa_offhand.oppc,199.57,K
data/packages/sm_armour_mp_master_002_torso_tt1.oppc,199.47,K
data/packages/csm_armour_basic_legr.oppc,199.14,K
data/packages/csm_armour_mp_berserk_01_legl_wg.oppc,199.13,K
data/packages/csm_armour_mp_ironwarr_backpack_tst.oppc,198.73,K
data/packages/csm_armour_mp_berserk_03_legl_wg.oppc,198.5,K
data/packages/chaos_powermace.oppc,198.36,K
data/packages/sm_armour_mp_veteran_helmet_tt1.oppc,197.87,K
data/packages/csm_armour_mp_berserk_01_legr.oppc,197.64,K
data/packages/sm_armour_basic_001_legr.oppc,197.63,K
data/packages/sm_armour_mp_relic_legl.oppc,197.55,K
data/packages/sm_armour_basic_001_legl.oppc,196.62,K
data/packages/thunderhammer_basic.oppc,196.62,K
data/packages/chaos_boltpistol_mp_tst.oppc,196.47,K
data/packages/sm_armour_mp_damage_torso_tt1.oppc,196.14,K
data/packages/csm_armour_mp_children_torso_tst.oppc,195.86,K
data/packages/sm_armour_mp_damage_arml.oppc,195.83,K
data/packages/sm_armour_dark_angels_legr.oppc,195.81,K
data/packages/sm_armour_mp_master_001_legr.oppc,195.68,K
data/packages/chaos_boltpistol.oppc,195.63,K
data/packages/csm_armour_mp_berserk_01_legl.oppc,195.1,K
data/packages/sm_armour_mp_relic_legr.oppc,195.05,K
data/packages/sm_armour_dark_angels_legl.oppc,194.73,K
data/packages/missilelauncher.oppc,194.66,K
data/packages/csm_armour_mp_berserk_01_legr_wg.oppc,194.57,K
data/packages/csm_armour_berserker_shldrl.oppc,194.25,K
data/packages/sm_armour_mp_mk8_torso_tt1.oppc,193.89,K
redist/directx/AUG2007_XACT_x64.cab,193.45,K
data/packages/sm_armour_mp_veteran_legr.oppc,193.2,K
redist/directx/Jun2010_d3dx10_43_x86.cab,192.66,K
data/packages/csm_armour_mp_berserk_01_armr.oppc,192.58,K
redist/directx/JUN2007_XACT_x64.cab,192.5,K
data/packages/csm_armour_mp_children_helmet_tst.oppc,192.36,K
redist/directx/NOV2007_XACT_x64.cab,192.15,K
data/packages/chaos_plasmapistol.oppc,191.92,K
data/packages/sm_armour_mp_mk4_torso_tt1.oppc,191.49,K
data/packages/csm_armour_mp_havoc_03_legl_wg.oppc,191.33,K
data/packages/csm_armour_mp_berserk_01_arml.oppc,191.18,K
redist/directx/APR2007_XACT_x64.cab,191.18,K
data/packages/plasmapistol_mp_basic_tst.oppc,190.75,K
data/packages/sm_armour_blacktemp_torso_tst.oppc,190.26,K
redist/directx/FEB2007_XACT_x64.cab,190.11,K
data/packages/bolter_mp_gold_tsh.oppc,189.95,K
data/packages/csm_armour_mp_havoc_02_legr.oppc,189.86,K
data/packages/sm_armour_mp_mk6_torso_tt1.oppc,189.68,K
data/packages/sm_armour_mp_master_001_arml.oppc,189.67,K
data/packages/csm_armour_mp_raptor_02_armr.oppc,188.93,K
data/packages/sm_armour_mp_damage_helmet_tt1.oppc,188.85,K
data/packages/csm_armour_mp_havoc_02_helmet_tt1.oppc,188.81,K
data/packages/csm_armour_basic_shldrr.oppc,188.69,K
data/packages/sm_armour_mp_relic_helmet.oppc,188.38,K
data/packages/sm_armour_mp_spacewolves_bp_tst.oppc,188.27,K
data/packages/plasmacannon.oppc,188.2,K
redist/directx/DEC2006_XACT_x64.cab,187.96,K
data/packages/boltpistol_mp_basic_tsf.oppc,187.9,K
redist/directx/Aug2009_d3dx10_42_x86.cab,187.63,K
redist/directx/DEC2006_d3dx10_00_x86.cab,187.23,K
data/packages/csm_armour_mp_havoc_03_helmet.oppc,186.82,K
data/packages/sm_armour_mp_mk8_legl.oppc,186.25,K
data/packages/sm_armour_mp_master_001_armr.oppc,186.07,K
data/packages/csm_armour_mp_ironwarr_shldrr.oppc,185.97,K
data/packages/csm_armour_mp_children_bp_tst.oppc,185.94,K
data/packages/sm_armour_mp_bloodravens_torso_tst.oppc,185.72,K
data/packages/sm_armour_mp_basic_arml.oppc,185.55,K
data/packages/sm_armour_mp_basic_armr.oppc,185.29,K
data/packages/csm_armour_mp_berserk_03_legr_wg.oppc,185.22,K
data/packages/csm_armour_basic_shldrl.oppc,185.09,K
data/packages/sm_armour_blacktemp_backpack_tst.oppc,185.08,K
data/packages/sm_armour_mp_master_002_backpack_tt1.oppc,184.82,K
data/packages/csm_armour_mp_havoc_03_legr_wg.oppc,184.69,K
data/packages/chainsword_gold_tst.oppc,184.14,K
data/config/aibehaviour/behaviourtrees.xml,184.1,K
data/packages/sm_armour_leandros_shldrr.oppc,183.83,K
data/packages/csm_armour_mp_basic_helmet_tt1.oppc,183.67,K
data/packages/sm_armour_mp_mk6_torso_v.oppc,183.52,K
data/packages/sm_armour_mp_bloodravens_bp_tst.oppc,183.48,K
data/packages/csm_armour_mp_havoc_03_arml_wg.oppc,183.28,K
data/packages/sm_armour_mp_mk4_arml.oppc,182.75,K
data/packages/csm_armour_mp_raptor_02_arml.oppc,182.52,K
data/packages/sm_armour_sidonus_shldrr.oppc,182.26,K
data/packages/sm_armour_mp_mk4_armr.oppc,182.06,K
data/packages/sm_armour_black_temp_shldrl.oppc,181.96,K
data/packages/sm_armour_blacktemp_shldrl.oppc,181.95,K
data/packages/csm_armour_berserker_arml.oppc,181.05,K
data/packages/sm_armour_mp_master_002_torso_v.oppc,181.01,K
data/packages/sm_armour_sidonus_belt.oppc,180.75,K
data/packages/sm_armour_sidonus_shldrl.oppc,180.12,K
data/packages/sm_armour_mp_master_002_shldrl.oppc,179.87,K
data/packages/sm_armour_mp_mk6_legr.oppc,179.15,K
data/packages/sm_armour_mp_basic_helmet.oppc,179.01,K
data/packages/sm_armour_mp_damage_legr.oppc,178.76,K
data/packages/sm_armour_mp_mk6_helmet.oppc,178.7,K
redist/directx/AUG2006_XACT_x64.cab,178.62,K
data/packages/choppa_small.oppc,178.54,K
redist/directx/OCT2006_XACT_x64.cab,178.09,K
data/packages/csm_armour_mp_raptor_03_arml.oppc,178.06,K
data/packages/csm_armour_mp_basic_backpack.oppc,177.92,K
data/packages/csm_armour_mp_raptor_03_armr.oppc,177.38,K
data/packages/csm_armour_berserker_armr.oppc,177.35,K
data/packages/sm_armour_basic_upres_belt.oppc,177.14,K
data/packages/sm_armour_mp_basic_legr_wg.oppc,176.99,K
data/packages/csm_armour_mp_berserk_02_legr_wg.oppc,176.86,K
data/packages/csm_armour_mp_havoc_03_shldrr_wg.oppc,176.83,K
data/packages/sm_armour_leandros_shldrl.oppc,176.79,K
data/packages/sm_armour_mp_basic_arml_wg.oppc,176.76,K
redist/directx/JUN2006_XACT_x64.cab,176.55,K
data/packages/sm_armour_mp_bloodravens_helmet_tst.oppc,176.46,K
data/packages/csm_armour_mp_berserk_01_arml_wg.oppc,176.41,K
data/packages/csm_armour_mp_havoc_03_armr_wg.oppc,176.39,K
data/packages/csm_armour_mp_basic_backpack_tt1.oppc,176.33,K
data/packages/sm_armour_mp_mk4_legr.oppc,176.08,K
data/packages/csm_armour_mp_havoc_02_arml_wg.oppc,175.72,K
data/packages/ugemace.oppc,175.57,K
data/packages/sm_armour_mp_mk8_legr.oppc,175.5,K
data/packages/csm_armour_mp_ironwarr_helmet_tst.oppc,175.48,K
data/packages/csm_armour_mp_havoc_02_legl.oppc,175.21,K
data/packages/csm_armour_mp_berserk_02_torso_v.oppc,174.98,K
redist/directx/Apr2006_XACT_x64.cab,174.93,K
data/packages/csm_armour_mp_raptor_01_armr.oppc,174.91,K
data/packages/csm_jumpack_mp_basic_wg.oppc,174.64,K
data/packages/csm_armour_mp_raptor_01_arml.oppc,174.61,K
data/packages/sm_armour_mp_mk4_legl.oppc,174.29,K
data/packages/sm_armour_mp_mk6_legl.oppc,174.29,K
redist/directx/Feb2006_XACT_x64.cab,174.18,K
data/packages/sm_armour_mp_mk6_helmet_tt1.oppc,174.12,K
data/packages/sm_armour_mp_basic_legl_wg.oppc,174.02,K
data/packages/chainsword_mp_mastercraft_tst.oppc,172.8,K
data/packages/csm_armour_mp_berserk_02_shldrl_wg.oppc,172.75,K
data/packages/csm_armour_mp_ironwarr_torso_v.oppc,172,K
data/packages/csm_armour_mp_berserk_03_arml_wg.oppc,171.42,K
data/packages/choppa.oppc,171.2,K
data/packages/sm_armour_mp_veteran_armr.oppc,171.2,K
data/packages/csm_armour_mp_havoc_03_shldrl_wg.oppc,171.15,K
data/packages/sm_armour_mp_veteran_arml.oppc,170.84,K
data/packages/sm_armour_mp_relic_legr_wg.oppc,170.77,K
data/packages/sm_armour_mp_damage_helmet.oppc,170.64,K
data/packages/sm_armour_mp_basic_armr_wg.oppc,170.55,K
data/packages/sm_armour_mp_spacewolves_helmet_tst.oppc,170.44,K
data/packages/csm_armour_mp_havoc_02_armr_wg.oppc,170.34,K
data/packages/csm_armour_berserker_legl.oppc,169.84,K
data/packages/sm_armour_mp_mk4_helmet.oppc,169.66,K
data/packages/csm_armour_mp_berserk_01_shldrr_wg.oppc,169.61,K
data/packages/csm_armour_mp_havoc_02_arml.oppc,169.56,K
data/packages/csm_armour_mp_raptor_01_legr_v.oppc,169.35,K
data/packages/csm_armour_mp_ironwarr_shldrl.oppc,169.16,K
data/packages/sm_armour_mp_veteran_legr_wg.oppc,169.04,K
data/packages/csm_armour_mp_havoc_02_armr.oppc,169.01,K
data/packages/csm_armour_mp_raptor_01_legl_wg.oppc,168.88,K
data/packages/csm_armour_mp_havoc_02_legl_wg.oppc,168.77,K
data/packages/csm_armour_mp_children_shldrl.oppc,168.76,K
data/packages/csm_armour_mp_berserk_02_armr_wg.oppc,168.75,K
data/packages/chaos_lasgun.oppc,168.71,K
data/packages/csm_armour_mp_berserk_01_armr_wg.oppc,168.7,K
data/packages/choppa_03.oppc,168.11,K
data/packages/csm_armour_mp_berserk_02_helmet.oppc,168.06,K
data/packages/sm_armour_mp_relic_armr_wg.oppc,168.04,K
data/packages/csm_armour_mp_basic_armr.oppc,167.36,K
data/packages/csm_armour_mp_raptor_02_shldrr_wg.oppc,167.16,K
data/packages/csm_armour_mp_berserk_03_helmet.oppc,167.12,K
data/packages/sm_armour_black_temp_shldrr.oppc,166.99,K
data/packages/sm_armour_mp_mk4_legl_wg.oppc,166.98,K
data/packages/sm_armour_mp_veteran_shldrl_wg.oppc,166.88,K
data/packages/sm_armour_blacktemp_helmet_tst.oppc,166.85,K
data/packages/sm_armour_mp_damage_armr.oppc,166.81,K
data/packages/csm_armour_mp_havoc_02_legr_wg.oppc,166.61,K
data/packages/sm_armour_mp_relic_legl_wg.oppc,165.96,K
data/packages/csm_armour_mp_berserk_01_helmet.oppc,165.56,K
data/packages/sm_armour_mp_master_001_helmet.oppc,165.43,K
data/packages/csm_armour_mp_havoc_02_helmet.oppc,165.37,K
data/packages/csm_armour_mp_havoc_01_legl.oppc,164.88,K
data/packages/csm_armour_mp_havoc_01_legr.oppc,164.82,K
data/packages/csm_armour_mp_berserk_02_arml_v.oppc,164.43,K
data/packages/csm_armour_mp_havoc_02_torso_v.oppc,164.3,K
data/packages/csm_armour_mp_berserk_02_armr_v.oppc,164.16,K
data/packages/sm_armour_mp_mk6_legl_wg.oppc,164.01,K
data/packages/csm_armour_mp_basic_arml.oppc,163.93,K
data/packages/sm_armour_mp_master_001_helmet_tt1.oppc,163.47,K
data/packages/sm_armour_mp_damage_legl.oppc,163.17,K
data/packages/csm_armour_mp_raptor_03_shldrl_wg.oppc,163.14,K
data/packages/heavybolter_mp_basic_v.oppc,163.12,K
data/packages/csm_armour_mp_raptor_01_legr_wg.oppc,162.78,K
data/packages/sm_armour_mp_veteran_legl_v.oppc,162.39,K
data/packages/sm_armour_mp_basic_legl.oppc,162.38,K
data/packages/csm_armour_mp_raptor_02_arml_wg.oppc,162.22,K
data/packages/sm_armour_mp_relic_armr.oppc,162.15,K
data/packages/sm_armour_mp_mk4_backpack_v.oppc,162.07,K
data/packages/csm_armour_raptor_armr.oppc,161.83,K
data/packages/sm_armour_mp_relic_arml_wg.oppc,161.75,K
data/packages/sm_armour_corvus_shldrr.oppc,161.58,K
data/packages/sm_armour_mp_damage_legr_wg.oppc,161.5,K
data/packages/sm_armour_mp_relic_arml.oppc,160.89,K
data/packages/csm_armour_mp_berserk_03_armr_wg.oppc,160.63,K
data/packages/heavybolter_mp_basic_tsh.oppc,160.29,K
data/packages/sm_armour_mp_veteran_shldrr_wg.oppc,159.41,K
data/packages/csm_armour_mp_havoc_01_legr_wg.oppc,159.32,K
data/packages/ardboyshield_01.oppc,159.17,K
data/packages/csm_armour_mp_raptor_01_armr_wg.oppc,159.1,K
data/packages/chaos_powermace_tsf.oppc,159.03,K
data/packages/sm_armour_mp_damage_shldrr_wg.oppc,158.86,K
data/packages/csm_armour_mp_raptor_01_arml_wg.oppc,158.75,K
data/packages/sm_armour_mp_mk6_legr_wg.oppc,158.55,K
data/packages/csm_armour_mp_ironwarr_legl_tsf.oppc,158.27,K
data/packages/lascannon_mp_basic_v.oppc,158.26,K
data/packages/csm_armour_mp_basic_shldrr_wg.oppc,158.19,K
data/packages/sm_armour_mp_damage_legl_wg.oppc,157.92,K
data/packages/sm_armour_mp_basic_legr.oppc,157.84,K
data/packages/csm_armour_mp_berserk_02_arml_wg.oppc,157.59,K
data/packages/csm_armour_raptor_arml.oppc,157.48,K
data/packages/csm_armor_berserk_001_helmet.oppc,157.13,K
data/packages/csm_armour_mp_raptor_03_shldrr_wg.oppc,157.01,K
data/packages/csm_armour_mp_havoc_02_shldrr_wg.oppc,156.56,K
data/packages/sm_armour_mp_veteran_armr_wg.oppc,156.33,K
data/packages/sm_armour_mp_veteran_helmet.oppc,156.09,K
data/packages/csm_armour_mp_ironwarr_shldrr_tsf.oppc,155.9,K
data/packages/csm_armour_mp_berserk_03_arml.oppc,155.55,K
data/packages/csm_armour_mp_berserk_03_armr.oppc,155.33,K
data/packages/csm_armour_mp_raptor_01_legl_v.oppc,155.28,K
data/packages/csm_armour_mp_basic_legl_wg.oppc,155.24,K
data/packages/csm_armour_mp_berserk_01_shldrl_wg.oppc,155.18,K
data/packages/csm_armour_raptor_legl.oppc,154.37,K
data/packages/sm_armour_mp_master_001_arml_wg.oppc,154.34,K
data/packages/sm_armour_mp_master_001_legl_wg.oppc,153.93,K
data/packages/csm_armour_mp_raptor_03_armr_wg.oppc,153.69,K
data/packages/csm_armour_mp_ironwarr_legr_tsf.oppc,153.14,K
data/packages/csm_armour_mp_berserk_02_legl_wg.oppc,152.83,K
data/packages/sm_armour_mp_librarian_shldrr_wg.oppc,152.66,K
data/packages/slugga.oppc,152.37,K
data/packages/sm_armour_mp_veteran_torso_v.oppc,152.11,K
data/packages/sm_armour_mp_master_002_torso_tst.oppc,151.99,K
data/packages/csm_armour_mp_raptor_02_torso_v.oppc,151.53,K
data/packages/csm_armour_mp_havoc_01_legl_wg.oppc,151.37,K
data/packages/csm_armour_mp_raptor_02_armr_wg.oppc,151.22,K
data/packages/csm_armour_mp_berserk_02_legr.oppc,151.14,K
data/packages/csm_armour_mp_havoc_02_shldrl_wg.oppc,151.11,K
data/packages/sm_armour_mp_mk8_torso_v.oppc,150.96,K
data/packages/sm_armour_mp_mk8_legr_wg.oppc,150.51,K
data/packages/csm_armour_mp_children_shldrr.oppc,150.06,K
data/packages/sm_armour_mp_damage_armr_wg.oppc,149.95,K
data/chunks/part_02_04__part_02_04.oppc,149.7,K
data/packages/sm_armour_mp_master_001_legr_wg.oppc,149.62,K
data/packages/csm_armour_mp_havoc_01_torso_v.oppc,149.6,K
redist/directx/AUG2007_XACT_x86.cab,149.43,K
data/packages/sm_armour_blacktemp_legr_v.oppc,149.42,K
redist/directx/JUN2007_XACT_x86.cab,149.33,K
data/packages/plasmacannon_mp_basic_tsh.oppc,149.1,K
data/packages/csm_armour_mp_raptor_01_shldrr_wg.oppc,148.96,K
data/packages/sm_armour_mp_mk4_legr_wg.oppc,148.93,K
data/packages/csm_armour_mp_raptor_02_shldrl_wg.oppc,148.67,K
data/packages/csm_sp_chaos_icon.oppc,148.58,K
data/packages/csm_armour_mp_berserk_03_legl.oppc,148.43,K
data/packages/csm_armour_mp_berserk_02_shldrr_wg.oppc,148.34,K
data/packages/csm_acc_iron_halo.oppc,148.22,K
data/packages/csm_power_sword.oppc,148.09,K
data/packages/sm_armour_mp_veteran_legl_wg.oppc,147.92,K
data/packages/sm_armour_blacktemp_shldrl_tsf.oppc,147.84,K
redist/directx/APR2007_XACT_x86.cab,147.68,K
data/packages/sm_armour_mp_master_001_shldrl_wg.oppc,147.6,K
data/packages/sm_armour_mp_relic_belt_wg.oppc,147.59,K
data/packages/csm_armour_mp_ironwarr_shldrl_tsf.oppc,147.48,K
data/packages/sm_armour_mp_librarian_torso_v.oppc,147.45,K
data/packages/sm_armour_mp_mk4_arml_wg.oppc,147.38,K
data/packages/sm_armour_mp_master_001_armr_wg.oppc,147.07,K
data/packages/csm_armour_mp_havoc_03_arml_v.oppc,146.55,K
data/packages/sm_armour_mp_damage_shldrl_wg.oppc,146.51,K
data/packages/csm_armour_mp_havoc_02_backpack_v.oppc,145.93,K
data/packages/csm_armour_mp_basic_legr_wg.oppc,145.75,K
data/packages/csm_armour_mp_berserk_01_legl_tt1.oppc,145.21,K
redist/directx/NOV2007_XACT_x86.cab,144.79,K
data/packages/sm_armour_mp_spacewolves_shldrl.oppc,144.75,K
data/packages/csm_armour_mp_berserk_03_legl_tt1.oppc,144.64,K
redist/directx/FEB2007_XACT_x86.cab,144.51,K
data/packages/sm_armour_mp_relic_shldrl_wg.oppc,144.51,K
data/packages/sm_armour_mp_spacewolves_shldrr.oppc,144.44,K
data/packages/sm_armour_mp_relic_belt.oppc,144.41,K
data/packages/csm_armour_mp_berserk_01_torso_v.oppc,144.24,K
data/packages/sm_armour_mp_master_001_shldrr_wg.oppc,144.18,K
data/packages/csm_armour_mp_ironwarr_armr_tsf.oppc,143.85,K
data/packages/sm_armour_mp_mk4_shldrr_wg.oppc,143.79,K
data/packages/sm_armour_mp_spacewolves_legr_tsf.oppc,143.71,K
data/packages/csm_armour_mp_children_legr_tsf.oppc,143.39,K
data/packages/sm_armour_mp_veteran_arml_wg.oppc,143.07,K
data/packages/csm_armour_mp_basic_legl.oppc,142.83,K
data/packages/csm_armour_mp_ironwarr_arml_tsf.oppc,142.78,K
data/packages/csm_armour_mp_berserk_03_legr.oppc,142.57,K
data/packages/lasgun.oppc,142.55,K
data/packages/sm_armour_blacktemp_torso_v.oppc,142.53,K
data/packages/csm_armour_mp_raptor_03_arml_wg.oppc,142.43,K
data/packages/csm_armour_mp_basic_armr_wg.oppc,142.3,K
data/packages/csm_armour_mp_havoc_03_armr_v.oppc,142.2,K
redist/directx/DEC2006_XACT_x86.cab,142.19,K
data/packages/csm_armour_mp_havoc_01_arml_wg.oppc,141.88,K
data/packages/csm_armour_mp_berserk_01_legr_tt1.oppc,141.77,K
data/packages/sm_armour_blacktemp_armr_tsf.oppc,141.76,K
data/packages/csm_armour_mp_children_shldrl_tsf.oppc,141.67,K
data/packages/csm_armour_mp_berserk_03_shldrr_wg.oppc,141.67,K
data/packages/sm_armour_mp_relic_shldrr_wg.oppc,141.58,K
data/packages/sm_armour_blacktemp_arml_tsf.oppc,141.54,K
data/packages/sm_armour_mp_veteran_backpack_v.oppc,141.18,K
data/packages/sm_armour_mp_damage_arml_v.oppc,141.11,K
data/packages/csm_armour_mp_havoc_01_armr_wg.oppc,140.75,K
data/packages/sm_armour_mp_mk8_legl_wg.oppc,140.64,K
data/packages/sm_armour_mp_basic_shldrr_wg.oppc,140.62,K
data/packages/sm_armour_mp_veteran_legr_v.oppc,140.5,K
data/packages/sm_iron_halo_titus.oppc,140.33,K
data/packages/sm_armour_blacktemp_belt.oppc,140.28,K
data/packages/sm_armour_mp_relic_legl_v.oppc,140.27,K
data/packages/sm_acc_iron_halo.oppc,140.25,K
data/packages/sm_armour_mp_master_001_legr_v.oppc,140.25,K
data/packages/sm_armour_basic_001_shldrr.oppc,140.04,K
data/packages/csm_armour_mp_havoc_03_backpack_v.oppc,139.99,K
data/packages/sm_armour_mp_mk4_shldrl_wg.oppc,139.48,K
data/packages/sm_armour_dark_angels_shldrr.oppc,139.27,K
data/packages/csm_armour_mp_berserk_01_legr_v.oppc,139.08,K
data/packages/csm_armour_mp_havoc_03_legr_v.oppc,139.01,K
data/packages/sm_armour_basic_001_shldrl.oppc,139,K
data/packages/csm_armour_mp_berserk_03_shldrl_wg.oppc,138.95,K
data/packages/csm_armour_mp_havoc_03_legl_tt1.oppc,138.7,K
data/packages/thunderhammer_basic_tsf.oppc,138.57,K
data/packages/sm_armour_mp_spacewolves_armr_tsf.oppc,138.55,K
data/packages/csm_armour_mp_raptor_01_shldrl_wg.oppc,138.55,K
data/packages/csm_armour_mp_basic_shldrl_wg.oppc,138.44,K
data/packages/csm_armour_mp_havoc_03_legl_v.oppc,138.4,K
data/packages/sm_armour_dark_angels_shldrl.oppc,138.39,K
data/packages/csm_armour_mp_basic_torso_tsf.oppc,138.22,K
data/packages/sm_armour_mp_damage_torso_v.oppc,138.21,K
data/packages/csm_armour_mp_ironwarr_backpack_v.oppc,138.21,K
data/packages/sm_armour_mp_spacewolves_legl_tsf.oppc,138.08,K
data/packages/sm_armour_mp_spacewolves_arml_tsf.oppc,137.72,K
data/packages/bolter_mp_basic_tsh.oppc,137.62,K
data/packages/sm_armour_mp_bloodravens_shldrl.oppc,137.58,K
data/packages/sm_armour_mp_mk4_armr_wg.oppc,137.57,K
data/packages/csm_armour_berserker_legr.oppc,137.41,K
data/packages/sm_armour_mp_relic_legr_v.oppc,137.28,K
data/packages/sm_armour_mp_basic_shldrl_wg.oppc,137.26,K
data/packages/sm_armour_blacktemp_arml_v.oppc,136.87,K
data/packages/csm_armour_mp_basic_helmet_tsf.oppc,136.71,K
data/packages/csm_armour_mp_berserk_01_legl_v.oppc,136.68,K
data/packages/sm_armour_mp_librarian_backpack_v.oppc,136.68,K
data/packages/sm_armour_mp_master_001_arml_v.oppc,136.49,K
data/packages/sm_armour_mp_master_002_backpack_tsf.oppc,136.47,K
data/packages/csm_armour_mp_basic_arml_wg.oppc,136.11,K
data/packages/sm_armour_mp_bloodravens_legr_tsf.oppc,135.72,K
data/packages/csm_armour_mp_children_legl_tsf.oppc,135.59,K
data/packages/csm_armour_mp_havoc_02_legr_v.oppc,135.28,K
data/packages/boltpistol_mp_basic_tst.oppc,135.24,K
data/packages/sm_armour_blacktemp_backpack_v.oppc,135.17,K
redist/directx/Jun2010_d3dx11_43_x64.cab,134.97,K
data/packages/sm_armour_mp_basic_torso_v.oppc,134.79,K
data/packages/sm_armour_mp_mk8_legl_v.oppc,134.79,K
redist/directx/OCT2006_XACT_x86.cab,134.78,K
data/packages/csm_armour_mp_raptor_01_helmet_v.oppc,134.72,K
data/packages/csm_armour_mp_berserk_03_legr_tt1.oppc,134.62,K
data/packages/sm_armour_mp_bloodravens_legl_tsf.oppc,134.11,K
redist/directx/AUG2006_XACT_x86.cab,134.02,K
data/packages/sm_armour_mp_master_001_armr_v.oppc,134,K
data/packages/stormbolter_mp_basic_tsh.oppc,133.93,K
data/packages/csm_armour_mp_berserk_01_armr_v.oppc,133.91,K
data/packages/csm_armour_mp_havoc_03_legr_tt1.oppc,133.88,K
data/packages/csm_armour_mp_berserk_01_arml_v.oppc,133.59,K
data/packages/csm_armour_mp_havoc_03_arml_tt1.oppc,133.28,K
data/packages/csm_acc_iron_halo_tsf.oppc,133.22,K
data/packages/chaos_lascannon_mp_v.oppc,133.17,K
redist/directx/Aug2009_d3dx11_42_x64.cab,133.11,K
data/packages/csm_armour_mp_havoc_03_torso_tsf.oppc,133.08,K
data/packages/csm_armour_mp_raptor_02_armr_v.oppc,132.87,K
data/packages/csm_armour_mp_havoc_01_armr.oppc,132.76,K
data/packages/mastercraft_chainsword.oppc,132.34,K
data/packages/csm_armour_mp_havoc_01_arml.oppc,132.15,K
data/packages/sm_armour_mp_basic_backpack_v.oppc,131.55,K
data/packages/csm_armour_mp_berserk_03_torso_v.oppc,131.54,K
data/packages/csm_armour_mp_children_shldrr_tsf.oppc,131.47,K
data/packages/sm_armour_mp_mk6_backpack_v.oppc,131.22,K
data/packages/csm_armour_mp_children_armr_tsf.oppc,131.06,K
data/packages/sm_armour_blacktemp_armr_v.oppc,130.69,K
data/packages/sm_armour_mp_spacewolves_shldrl_tsf.oppc,130.54,K
redist/directx/JUN2006_XACT_x86.cab,130.54,K
data/packages/csm_armour_mp_raptor_01_torso_v.oppc,130.39,K
data/packages/sm_armour_mp_spacewolves_shldrr_tsf.oppc,130.36,K
data/packages/sm_armour_mp_spacewolves_legr_v.oppc,130.25,K
data/packages/csm_armour_mp_children_arml_tsf.oppc,130.1,K
data/packages/sm_armour_mp_basic_arml_tt1.oppc,130.02,K
redist/directx/Apr2006_XACT_x86.cab,129.98,K
data/packages/csm_armour_mp_berserk_02_legl.oppc,129.91,K
data/packages/sm_jumppack_mp_basic_001_v.oppc,129.48,K
data/packages/sm_armour_mp_basic_legr_tt1.oppc,129.37,K
redist/directx/Feb2006_XACT_x86.cab,129.31,K
data/packages/csm_armour_mp_berserk_02_legr_tt1.oppc,129.19,K
data/packages/csm_armour_mp_berserk_02_torso_tsf.oppc,128.87,K
data/packages/csm_armour_mp_berserk_01_arml_tt1.oppc,128.8,K
data/packages/csm_armour_mp_havoc_03_shldrr_tt1.oppc,128.62,K
data/packages/sm_armour_mp_damage_arml_wg.oppc,128.27,K
data/packages/csm_armour_mp_havoc_03_torso_v.oppc,127.86,K
data/packages/chaos_unholy_bolter_mp_tsh.oppc,127.7,K
data/packages/csm_armour_mp_havoc_02_arml_tt1.oppc,127.64,K
data/packages/csm_armour_mp_havoc_03_armr_tt1.oppc,127.53,K
data/packages/sm_armour_mp_basic_legl_tt1.oppc,127.14,K
data/packages/csm_armour_mp_raptor_02_arml_v.oppc,127.12,K
data/packages/sm_armour_mp_mk6_legr_v.oppc,127.01,K
data/packages/sm_armour_blood_ravens_shldrr.oppc,126.93,K
data/packages/sm_armour_blacktemp_legl_tsf.oppc,126.82,K
data/packages/sm_armour_blood_ravens_shldrl.oppc,126.34,K
data/packages/sm_armour_blacktemp_legr_tsf.oppc,125.96,K
data/packages/sm_armour_mp_basic_arml_v.oppc,125.88,K
data/packages/csm_armour_mp_berserk_02_shldrl_tt1.oppc,125.75,K
data/packages/csm_armour_raptor_legr.oppc,125.53,K
data/packages/sm_armour_mp_basic_armr_v.oppc,125.17,K
data/packages/base.oppc,124.97,K
data/packages/sm_armour_mp_basic_armr_tt1.oppc,124.83,K
data/packages/sm_acc_iron_halo_tsf.oppc,124.67,K
data/packages/sm_armour_mp_relic_legr_tt1.oppc,124.61,K
data/packages/chaos_bolter_mp_tsh.oppc,124.58,K
data/packages/csm_armour_mp_berserk_03_arml_tt1.oppc,124.31,K
data/packages/csm_armour_mp_havoc_03_shldrl_tt1.oppc,124.17,K
data/packages/sm_armour_mp_librarian_torso_tsf.oppc,124.09,K
data/packages/csm_armour_mp_raptor_02_torso_tsf.oppc,124.08,K
data/packages/sm_armour_mp_mk4_armr_v.oppc,124.03,K
data/packages/sm_armour_mp_master_001_torso_tsf.oppc,123.97,K
data/packages/csm_armour_mp_havoc_02_armr_tt1.oppc,123.97,K
data/packages/csm_armour_mp_raptor_03_arml_v.oppc,123.95,K
data/packages/csm_armour_mp_raptor_03_armr_v.oppc,123.91,K
data/packages/sm_armour_mp_mk4_arml_v.oppc,123.84,K
data/packages/sm_armour_mp_veteran_legr_tt1.oppc,123.57,K
data/packages/sm_armour_mp_damage_backpack_v.oppc,123.55,K
data/packages/chaos_heavybolter_mp_v.oppc,123.34,K
data/packages/sm_armour_blacktemp_legl_v.oppc,122.77,K
data/packages/sm_armour_mp_veteran_belt.oppc,122.76,K
data/packages/csm_armour_mp_berserk_01_shldrr_tt1.oppc,122.74,K
data/packages/csm_armour_mp_havoc_02_legl_tt1.oppc,122.72,K
data/packages/sm_armour_mp_mk6_legl_v.oppc,122.7,K
data/packages/sm_armour_mp_relic_armr_tt1.oppc,122.49,K
data/packages/csm_armour_mp_berserk_02_armr_tt1.oppc,122.34,K
data/packages/csm_armour_mp_berserk_01_armr_tt1.oppc,122.23,K
data/packages/sm_armour_mp_mk4_legr_v.oppc,122.1,K
data/packages/csm_armour_mp_raptor_02_shldrr_tt1.oppc,121.91,K
data/packages/csm_armour_mp_basic_legr.oppc,121.81,K
redist/directx/Jun2010_XACT_x64.cab,121.68,K
data/packages/sm_armour_mp_spacewolves_bp_v.oppc,121.66,K
data/packages/csm_armour_mp_raptor_01_torso_tsf.oppc,121.64,K
data/packages/chaos_lascannon_mp_tsh.oppc,121.62,K
data/packages/sm_armour_mp_damage_legr_v.oppc,121.45,K
data/packages/sm_armour_mp_veteran_shldrl_tt1.oppc,121.43,K
data/packages/sm_armour_mp_mk4_legl_tt1.oppc,121.42,K
data/packages/csm_armour_mp_havoc_02_legl_v.oppc,121.41,K
data/packages/csm_armour_mp_berserk_02_bp_tsf.oppc,121.41,K
data/packages/chaos_tl_bolter_mp_tsh.oppc,121.21,K
data/packages/csm_armour_mp_havoc_03_backpack_tsf.oppc,121.1,K
data/packages/sm_armour_mp_mk8_legr_v.oppc,121.03,K
data/packages/sm_armour_mp_relic_legl_tt1.oppc,120.98,K
data/packages/forcestaff_basic.oppc,120.91,K
data/packages/csm_armour_mp_havoc_02_legr_tt1.oppc,120.82,K
data/packages/sm_armour_mp_mk4_legl_v.oppc,120.58,K
data/packages/csm_armour_mp_havoc_01_backpack_tsf.oppc,120.45,K
steam_api.dll,120,K
data/packages/csm_armour_mp_havoc_03_shldrr.oppc,119.92,K
data/packages/sm_armour_mp_master_001_backpack_v.oppc,119.85,K
data/packages/csm_armour_mp_raptor_03_torso_tsf.oppc,119.82,K
data/packages/meltagun_mp_basic_tsh.oppc,119.79,K
data/packages/csm_armour_havoc_shldrl.oppc,119.73,K
redist/directx/Feb2010_XACT_x64.cab,119.58,K
redist/directx/Aug2009_XACT_x64.cab,119.54,K
redist/directx/Mar2008_XACT_x64.cab,119.47,K
data/packages/tower_skulls_heavymissile.oppc,119.45,K
data/packages/sm_armour_mp_mk6_legl_tt1.oppc,119.31,K
data/packages/csm_armour_mp_berserk_03_torso_tsf.oppc,119.22,K
data/packages/chaos_heavybolter_mp_tsh.oppc,119.11,K
redist/directx/Nov2008_XACT_x64.cab,118.94,K
data/packages/sm_armour_mp_basic_torso_tsf.oppc,118.92,K
redist/directx/Aug2008_XACT_x64.cab,118.92,K
data/packages/sm_armour_mp_mk4_backpack_tsf.oppc,118.88,K
redist/directx/Mar2009_XACT_x64.cab,118.66,K
data/packages/sm_armour_mp_master_002_backpack_v.oppc,118.64,K
data/packages/csm_armour_havoc_shldrr.oppc,118.42,K
redist/directx/JUN2008_XACT_x64.cab,118.22,K
data/packages/chaos_powermace_tst.oppc,118.12,K
data/packages/csm_armour_mp_berserk_01_torso_tsf.oppc,118.12,K
data/packages/sm_armour_mp_relic_arml_tt1.oppc,118.03,K
data/packages/chaos_meltagun_mp_tsh.oppc,118.01,K
data/packages/csm_armour_mp_raptor_01_armr_v.oppc,117.7,K
data/packages/csm_armour_mp_raptor_01_arml_v.oppc,117.65,K
data/packages/csm_armour_mp_raptor_02_arml_tt1.oppc,117.59,K
data/packages/csm_armour_mp_raptor_03_shldrl_tt1.oppc,117.54,K
data/packages/sm_armour_mp_master_002_shldrr.oppc,117.53,K
data/packages/csm_armour_mp_havoc_02_torso_tsf.oppc,117.38,K
data/packages/csm_armour_mp_havoc_03_helmet_tsf.oppc,117.26,K
data/packages/csm_armour_mp_ironwarr_legl_tst.oppc,117.16,K
data/packages/csm_armour_mp_berserk_02_shldrl.oppc,117.15,K
data/packages/sm_armour_mp_mk4_torso_v.oppc,116.98,K
data/packages/csm_armour_mp_berserk_01_bp_tsf.oppc,116.95,K
data/packages/csm_armour_mp_berserk_03_bp_v.oppc,116.58,K
data/packages/sm_armour_mp_veteran_torso_tsf.oppc,116.56,K
data/packages/sm_armour_mp_relic_helmet_tsf.oppc,116.47,K
data/packages/sm_armour_mp_mk4_torso_tsf.oppc,116.38,K
data/packages/sm_armour_mp_librarian_backpack_tsf.oppc,116.29,K
data/packages/sm_armour_mp_basic_backpack_tsf.oppc,116.21,K
data/packages/sm_armour_mp_damage_torso_tsf.oppc,115.99,K
data/packages/csm_armour_mp_berserk_03_armr_tt1.oppc,115.87,K
data/packages/sm_armour_mp_veteran_shldrr_tt1.oppc,115.8,K
data/packages/sm_armour_mp_damage_legr_tt1.oppc,115.75,K
data/packages/sm_armour_mp_veteran_backpack_tsf.oppc,115.73,K
data/packages/csm_armour_mp_basic_shldrr_tt1.oppc,115.66,K
data/packages/csm_armour_mp_raptor_01_arml_tt1.oppc,115.47,K
data/packages/csm_armour_mp_raptor_01_armr_tt1.oppc,115.46,K
data/packages/csm_power_sword_tsf.oppc,115.46,K
data/packages/sm_armour_mp_mk6_legr_tt1.oppc,115.17,K
data/packages/sm_armour_mp_veteran_armr_v.oppc,115.14,K
data/packages/sm_armour_mp_master_001_backpack_tsf.oppc,115.01,K
data/packages/csm_armour_mp_ironwarr_shldrr_tst.oppc,114.95,K
data/packages/csm_armour_mp_havoc_01_legr_tt1.oppc,114.74,K
data/packages/sm_armour_mp_bloodravens_shldrl_tsf.oppc,114.7,K
data/packages/chaos_plasmacannon_mp_tsh.oppc,114.58,K
data/packages/csm_armour_mp_berserk_02_arml_tt1.oppc,114.45,K
data/packages/csm_armour_mp_havoc_01_legl_v.oppc,114.26,K
data/packages/csm_armour_mp_havoc_02_shldrr_tt1.oppc,114,K
data/packages/csm_armour_mp_raptor_03_shldrr.oppc,113.97,K
data/packages/csm_armour_mp_raptor_03_shldrr_tt1.oppc,113.83,K
data/packages/sm_armour_mp_veteran_armr_tt1.oppc,113.77,K
data/packages/meltagun_mp_basic_v.oppc,113.56,K
data/packages/csm_armour_mp_havoc_02_backpack_tsf.oppc,113.54,K
data/packages/sm_armour_mp_veteran_arml_v.oppc,113.41,K
data/packages/sm_armour_mp_damage_legl_tt1.oppc,113.29,K
data/packages/csm_armour_mp_havoc_01_legr_v.oppc,113.28,K
data/packages/csm_armour_mp_berserk_01_shldrl.oppc,113.27,K
data/packages/csm_armour_mp_ironwarr_legr_tst.oppc,113.24,K
data/packages/sm_armour_mp_damage_backpack_tsf.oppc,113.23,K
data/packages/sm_armour_mp_damage_shldrr_tt1.oppc,113.14,K
data/packages/csm_armour_mp_berserk_02_bp_v.oppc,112.89,K
data/packages/lascannon_mp_basic_tsh.oppc,112.86,K
data/packages/csm_armour_mp_basic_legl_tt1.oppc,112.82,K
data/packages/csm_armour_mp_havoc_03_shldrl.oppc,112.78,K
data/packages/sm_armour_mp_master_001_arml_tt1.oppc,112.68,K
data/packages/csm_armour_mp_havoc_02_arml_v.oppc,112.55,K
data/packages/sm_armour_mp_master_001_legl_tt1.oppc,112.35,K
data/packages/csm_armour_mp_berserk_01_shldrl_tt1.oppc,112.23,K
data/packages/csm_armour_mp_havoc_02_armr_v.oppc,112.04,K
data/packages/sm_armour_mp_mk6_shldrl_wg.oppc,111.99,K
data/packages/sm_armour_mp_relic_armr_v.oppc,111.4,K
data/packages/sm_armour_mp_relic_backpack_tsf.oppc,111.36,K
data/packages/csm_armour_raptor_shldrr.oppc,111.31,K
data/packages/csm_armour_mp_raptor_03_armr_tt1.oppc,111.13,K
data/packages/csm_armour_mp_basic_backpack_tsf.oppc,111.08,K
data/packages/plasmagun.oppc,110.99,K
data/packages/csm_armour_mp_berserk_02_legl_tt1.oppc,110.92,K
data/packages/csm_armour_mp_berserk_02_helmet_tsf.oppc,110.53,K
data/packages/sm_armour_mp_librarian_shldrr_tt1.oppc,110.48,K
data/packages/sm_armour_mp_relic_arml_v.oppc,110.32,K
data/packages/csm_armour_mp_havoc_02_shldrl_tt1.oppc,110,K
data/packages/sm_armour_mp_librarian_belt.oppc,109.75,K
data/packages/sm_armour_mp_mk6_backpack_tsf.oppc,109.73,K
data/packages/sm_armour_blacktemp_shldrl_tst.oppc,109.69,K
data/packages/chaos_bolter_poss_mp_tsh.oppc,109.69,K
data/packages/sm_armour_mp_mk8_legr_tt1.oppc,109.4,K
data/packages/csm_armour_mp_berserk_01_bp_v.oppc,109.37,K
data/packages/stormbolter_mp_basic_v.oppc,109.35,K
data/packages/csm_armour_mp_berserk_02_shldrr.oppc,109.32,K
data/packages/csm_armour_mp_ironwarr_shldrl_tst.oppc,109.27,K
data/packages/sm_armour_mp_master_001_legr_tt1.oppc,109.12,K
data/packages/sm_armour_mp_mk6_torso_tsf.oppc,109.04,K
data/packages/csm_armour_mp_havoc_01_legl_tt1.oppc,109.03,K
data/packages/csm_armour_mp_raptor_03_shldrl.oppc,108.93,K
data/packages/csm_armour_mp_raptor_02_armr_tt1.oppc,108.91,K
data/packages/chaos_plasmacannon_mp_v.oppc,108.88,K
data/packages/sm_armour_mp_damage_armr_v.oppc,108.72,K
data/packages/csm_armour_mp_havoc_01_torso_tsf.oppc,108.65,K
data/packages/csm_armour_mp_berserk_03_bp_tsf.oppc,108.28,K
data/packages/chaos_bolter_poss_mp_v.oppc,108.25,K
data/packages/csm_armour_raptor_shldrl.oppc,108.24,K
data/packages/csm_armour_mp_raptor_02_shldrl_tt1.oppc,108.11,K
data/packages/csm_armour_mp_berserk_01_shldrr.oppc,108.1,K
data/packages/sm_armour_mp_damage_legl_v.oppc,108.09,K
data/packages/sm_armour_mp_mk4_legr_tt1.oppc,107.84,K
data/packages/sm_armour_mp_bloodravens_torso_v.oppc,107.76,K
data/packages/csm_armour_mp_berserk_02_shldrr_tt1.oppc,107.61,K
data/packages/csm_armour_mp_raptor_02_shldrl.oppc,107.52,K
data/packages/sm_armour_mp_master_001_shldrl_tt1.oppc,107.52,K
data/packages/csm_armour_mp_raptor_01_shldrr_tt1.oppc,107.38,K
data/packages/sm_armour_mp_damage_helmet_tsf.oppc,107.17,K
data/packages/sm_armour_mp_damage_armr_tt1.oppc,107.17,K
data/packages/csm_armour_mp_havoc_01_helmet_tsf.oppc,107.11,K
data/packages/sm_armour_mp_veteran_legl_tt1.oppc,107.06,K
data/packages/sm_armour_mp_relic_belt_tt1.oppc,106.93,K
data/packages/sm_armour_mp_master_001_armr_tt1.oppc,106.91,K
redist/directx/Jun2010_d3dx11_43_x86.cab,106.88,K
data/packages/bolter_stalker_mp_basic_tsh.oppc,106.68,K
data/packages/sm_armour_mp_spacewolves_torso_v.oppc,106.68,K
data/packages/csm_armour_mp_ironwarr_armr_tst.oppc,106.66,K
data/packages/sm_armour_mp_mk4_arml_tt1.oppc,106.48,K
data/packages/sm_armour_mp_spacewolves_arml_v.oppc,106.35,K
data/packages/sm_armour_mp_spacewolves_legr_tst.oppc,106.08,K
data/packages/chaos_plasmagun_mp_tsh.oppc,106.05,K
data/packages/csm_armour_mp_ironwarr_arml_tst.oppc,105.8,K
data/packages/sm_armour_mp_spacewolves_armr_v.oppc,105.75,K
data/packages/csm_armour_mp_basic_legr_tt1.oppc,105.72,K
data/packages/sm_armour_mp_master_002_shldrl_tsf.oppc,105.66,K
data/packages/csm_armour_mp_ironwarr_arml_v.oppc,105.54,K
data/packages/sm_armour_mp_basic_helmet_tsf.oppc,105.5,K
data/packages/sm_armour_blacktemp_armr_tst.oppc,105.43,K
data/packages/csm_armour_mp_raptor_01_shldrr.oppc,105.33,K
data/packages/csm_armour_mp_berserk_03_helmet_tsf.oppc,105.28,K
data/packages/csm_armour_mp_havoc_02_shldrl.oppc,105.25,K
data/packages/sm_armour_blacktemp_arml_tst.oppc,105.22,K
data/packages/csm_armour_mp_havoc_01_shldrl_wg.oppc,105.13,K
data/packages/csm_armour_mp_ironwarr_armr_v.oppc,105.04,K
data/packages/sm_armour_mp_basic_legl_v.oppc,105.04,K
data/packages/sm_armour_mp_master_001_shldrr_tt1.oppc,104.91,K
data/packages/csm_armour_mp_havoc_02_shldrr.oppc,104.77,K
data/packages/csm_armour_mp_children_legr_tst.oppc,104.67,K
data/packages/sm_armour_mp_relic_shldrl_tt1.oppc,104.32,K
data/packages/sm_armour_mp_damage_shldrl_tt1.oppc,104.21,K
data/packages/csm_armour_mp_children_shldrl_tst.oppc,103.95,K
data/packages/csm_armour_mp_basic_shldrr.oppc,103.92,K
data/packages/chaos_meltagun_mp_v.oppc,103.83,K
data/packages/sm_armour_mp_veteran_arml_tt1.oppc,103.8,K
data/packages/bolter_mp_basic_v.oppc,103.61,K
data/packages/csm_armour_mp_havoc_01_shldrr_wg.oppc,103.56,K
data/packages/csm_armour_mp_havoc_02_helmet_tsf.oppc,103.48,K
data/packages/sm_armour_mp_librarian_shldrr.oppc,103.41,K
data/packages/grenadelauncher_mp_basic_tsh.oppc,103.41,K
data/packages/sm_armour_mp_master_002_backpack_tst.oppc,103.34,K
data/packages/sm_armour_mp_mk4_shldrr_tt1.oppc,103.29,K
data/packages/csm_armour_mp_basic_armr_tt1.oppc,103.27,K
data/packages/csm_armour_mp_basic_torso_tst.oppc,103.02,K
data/packages/csm_armour_mp_raptor_03_arml_tt1.oppc,102.99,K
data/packages/csm_armour_mp_berserk_03_shldrl.oppc,102.92,K
redist/directx/Aug2009_d3dx11_42_x86.cab,102.58,K
data/packages/csm_armour_mp_havoc_01_arml_tt1.oppc,102.21,K
data/packages/sm_armour_mp_relic_shldrr_tt1.oppc,102.16,K
data/packages/csm_armour_mp_berserk_03_shldrr_tt1.oppc,102.14,K
data/packages/csm_armour_mp_basic_armr_v.oppc,101.99,K
data/packages/csm_armour_mp_basic_helmet_tst.oppc,101.89,K
data/packages/sm_armour_mp_spacewolves_legl_tst.oppc,101.83,K
data/packages/sm_armour_mp_spacewolves_armr_tst.oppc,101.78,K
data/packages/thunderhammer_basic_tst.oppc,101.76,K
data/packages/csm_armour_mp_berserk_03_shldrl_tt1.oppc,101.75,K
data/packages/csm_armour_mp_havoc_01_armr_tt1.oppc,101.61,K
data/packages/sm_armour_mp_mk8_legl_tt1.oppc,101.59,K
data/packages/sm_armour_mp_basic_shldrr_tt1.oppc,101.16,K
data/packages/csm_armour_mp_basic_shldrl_tt1.oppc,101.12,K
data/packages/sm_armour_mp_spacewolves_arml_tst.oppc,101.1,K
data/packages/sm_armour_mp_mk6_helmet_tsf.oppc,101.08,K
data/packages/sm_armour_mp_bloodravens_legr_tst.oppc,100.86,K
data/packages/csm_armour_mp_havoc_01_helmet_v.oppc,100.59,K
data/packages/sm_armour_mp_mk4_helmet_tsf.oppc,100.45,K
data/packages/sm_armour_mp_mk4_shldrl_tt1.oppc,100.22,K
data/packages/sm_armour_mp_basic_legr_v.oppc,100.18,K
data/packages/csm_armour_mp_raptor_01_shldrl_tt1.oppc,99.98,K
data/packages/csm_armour_mp_raptor_02_shldrr.oppc,99.75,K
data/packages/plasmagun_mp_basic_tsh.oppc,99.6,K
data/packages/sm_armour_mp_bloodravens_legl_tst.oppc,99.59,K
data/packages/csm_armour_mp_basic_arml_tt1.oppc,98.89,K
data/packages/sm_armour_mp_mk4_armr_tt1.oppc,98.75,K
data/packages/csm_armour_mp_havoc_03_torso_tst.oppc,98.74,K
data/packages/sm_armour_mp_basic_shldrl_tt1.oppc,98.67,K
data/packages/csm_armour_mp_berserk_03_shldrr.oppc,98.6,K
data/packages/csm_armour_mp_basic_arml_v.oppc,98.32,K
data/packages/sm_armour_mp_damage_belt.oppc,98.12,K
data/packages/csm_armour_mp_children_legl_tst.oppc,97.95,K
data/packages/csm_armour_mp_berserk_03_arml_v.oppc,97.79,K
data/packages/csm_armour_mp_berserk_03_armr_v.oppc,97.57,K
data/packages/csm_armour_mp_berserk_01_helmet_tsf.oppc,97.23,K
data/packages/sm_armour_mp_veteran_helmet_tsf.oppc,97.15,K
data/packages/sm_armour_mp_spacewolves_shldrl_tst.oppc,96.92,K
data/packages/sm_armour_mp_spacewolves_shldrr_tst.oppc,96.86,K
data/packages/csm_armour_mp_children_shldrr_tst.oppc,96.38,K
data/packages/csm_armour_mp_ironwarr_helmet_v.oppc,96.11,K
data/packages/sm_armour_mp_mk6_shldrr_wg.oppc,95.85,K
data/packages/csm_armour_mp_berserk_02_torso_tst.oppc,95.81,K
data/packages/csm_armour_mp_children_armr_tst.oppc,95.72,K
data/packages/csm_armour_mp_berserk_02_legr_v.oppc,95.47,K
data/packages/sm_armour_mp_mk8_torso_tsf.oppc,95.37,K
data/packages/csm_armour_mp_ironwarr_legl_v.oppc,95.37,K
data/packages/sm_armour_mp_master_001_helmet_tsf.oppc,95.29,K
data/packages/sm_armour_mp_damage_shldrr.oppc,95.21,K
data/packages/csm_armour_mp_children_arml_tst.oppc,95.03,K
redist/directx/dxupdate.cab,94.88,K
data/packages/sm_generic_mp_bp_001_v.oppc,94.59,K
redist/directx/APR2007_xinput_x64.cab,94.55,K
data/packages/sm_armour_blacktemp_legl_tst.oppc,94.3,K
data/packages/csm_armour_mp_basic_shldrl.oppc,94.03,K
data/packages/sm_armour_blacktemp_legr_tst.oppc,93.98,K
data/packages/sm_armour_mp_mk6_shldrl.oppc,93.52,K
data/packages/combat_knife_basic.oppc,93.47,K
data/packages/sm_armour_mp_damage_arml_tt1.oppc,93.42,K
redist/directx/DSETUP.dll,93.34,K
data/packages/sm_armour_mp_librarian_torso_tst.oppc,93.23,K
data/packages/csm_armour_mp_children_torso_v.oppc,93.01,K
data/packages/sm_armour_mp_relic_shldrr.oppc,92.6,K
data/packages/sm_armour_mp_relic_backpack_v.oppc,92.53,K
data/packages/sm_armour_blacktemp_shldrr_wg.oppc,92,K
data/packages/csm_armour_mp_raptor_02_torso_tst.oppc,91.98,K
data/packages/boltpistol.oppc,91.65,K
redist/directx/Mar2008_XACT_x86.cab,91.54,K
redist/directx/Jun2010_XACT_x86.cab,91.49,K
data/packages/sm_armour_mp_spacewolves_legl_v.oppc,91.33,K
data/packages/csm_armour_mp_children_legl_v.oppc,91.29,K
data/packages/sm_armour_mp_master_001_torso_tst.oppc,91.18,K
data/packages/sm_armour_mp_relic_shldrl.oppc,91.06,K
redist/directx/Feb2010_XACT_x86.cab,91,K
redist/directx/JUN2008_XACT_x86.cab,90.95,K
redist/directx/Aug2009_XACT_x86.cab,90.92,K
redist/directx/Aug2008_XACT_x86.cab,90.82,K
redist/directx/Mar2009_XACT_x86.cab,90.57,K
redist/directx/Nov2008_XACT_x86.cab,90.51,K
data/packages/sm_armour_mp_master_002_shldrr_tsf.oppc,90.33,K
data/packages/sm_armour_mp_basic_torso_tst.oppc,89.87,K
data/packages/unholyrelic_chainsword_mp_tsh.oppc,89.8,K
data/packages/csm_armour_mp_berserk_02_bp_tst.oppc,89.54,K
data/packages/csm_armour_mp_raptor_03_torso_tst.oppc,89.39,K
data/packages/chaos_tl_bolter_mp_v.oppc,89.38,K
data/packages/sm_armour_mp_mk4_shldrr.oppc,89.32,K
data/packages/csm_armour_mp_berserk_03_legl_v.oppc,89.19,K
data/packages/csm_armour_mp_raptor_01_torso_tst.oppc,88.95,K
data/packages/csm_armour_mp_berserk_03_torso_tst.oppc,88.85,K
data/packages/csm_armour_mp_basic_torso_v.oppc,88.65,K
data/packages/csm_armour_mp_havoc_03_backpack_tst.oppc,88.38,K
data/packages/sm_armour_mp_mk4_shldrl.oppc,88.33,K
data/packages/csm_armour_mp_havoc_01_backpack_tst.oppc,87.98,K
data/packages/sm_armour_mp_mk4_backpack_tst.oppc,87.95,K
data/packages/csm_armour_mp_berserk_01_torso_tst.oppc,87.69,K
data/packages/csm_armour_mp_havoc_03_helmet_tst.oppc,87.29,K
data/packages/chaos_chainsword_tsh.oppc,87.2,K
data/packages/bolter_mp_gold_v.oppc,87.13,K
data/packages/sm_armour_mp_damage_torso_tst.oppc,87.1,K
data/packages/sm_armour_mp_basic_backpack_tst.oppc,86.92,K
data/packages/sm_armour_mp_librarian_backpack_tst.oppc,86.86,K
data/packages/csm_armour_mp_basic_helmet_v.oppc,86.79,K
data/packages/csm_armour_mp_berserk_01_bp_tst.oppc,86.71,K
data/packages/sm_armour_mp_veteran_torso_tst.oppc,86.71,K
data/packages/sm_armour_mp_mk4_torso_tst.oppc,86.66,K
data/packages/sm_armour_mp_veteran_backpack_tst.oppc,86.62,K
data/packages/sm_armour_mp_veteran_belt_tsf.oppc,86.35,K
data/packages/csm_armour_mp_havoc_01_backpack_v.oppc,86.17,K
data/packages/sm_armour_mp_bloodravens_helmet_v.oppc,86.01,K
data/packages/sm_armour_mp_bloodravens_shldrl_tst.oppc,85.78,K
data/packages/sm_armour_mp_relic_belt_tsf.oppc,85.41,K
data/packages/csm_armour_mp_havoc_02_torso_tst.oppc,85.38,K
data/packages/sm_armour_mp_relic_helmet_tst.oppc,85.32,K
redist/directx/AUG2006_xinput_x64.cab,85.1,K
redist/directx/Apr2006_xinput_x64.cab,85.06,K
data/packages/chainaxe_tsh.oppc,84.54,K
data/packages/sm_armour_mp_damage_backpack_tst.oppc,84.17,K
data/packages/csm_armour_mp_havoc_01_armr_v.oppc,84.08,K
redist/directx/Oct2005_xinput_x64.cab,84.02,K
data/packages/csm_armour_mp_havoc_01_arml_v.oppc,83.92,K
data/packages/chaos_bolter_mp_v.oppc,83.78,K
data/packages/sm_armour_mp_master_001_shldrl.oppc,83.59,K
data/packages/chaos_plasmapistol_mp_tsh.oppc,83.49,K
data/packages/sm_armour_mp_veteran_shldrr.oppc,83.34,K
data/packages/sm_armour_mp_master_001_backpack_tst.oppc,83.19,K
data/packages/chaos_unholy_bolter_mp_v.oppc,83.04,K
data/packages/csm_armour_mp_ironwarr_torso_tsh.oppc,82.84,K
data/packages/csm_armour_mp_havoc_02_backpack_tst.oppc,82.75,K
data/packages/csm_armour_mp_berserk_02_helmet_tst.oppc,82.6,K
data/packages/grenadelauncher_mp_basic_v.oppc,82.46,K
data/packages/sm_armour_mp_bloodravens_bp_v.oppc,82.36,K
data/packages/sm_armour_mp_damage_shldrl.oppc,82.28,K
data/packages/plasmagun_mp_basic_v.oppc,82.27,K
data/packages/csm_power_sword_tst.oppc,82.21,K
data/packages/csm_armour_mp_berserk_03_legr_v.oppc,82.11,K
data/packages/power_axe_tsh.oppc,81.88,K
data/packages/sm_armour_mp_mk6_helmet_v.oppc,81.44,K
data/packages/sm_armour_mp_relic_backpack_tst.oppc,81.33,K
data/packages/csm_armour_mp_basic_backpack_tst.oppc,81.2,K
data/packages/bolter_stalker_mp_basic_v.oppc,81,K
data/packages/sm_armour_mp_spacewolves_torso_tsh.oppc,80.81,K
data/packages/sm_armour_mp_damage_helmet_tst.oppc,80.45,K
data/packages/sm_armour_mp_veteran_shldrl.oppc,80.3,K
data/packages/sm_armour_mp_mk6_shldrl_tt1.oppc,80.27,K
data/packages/sm_armour_mp_mk6_backpack_tst.oppc,80.21,K
data/packages/sm_armour_mp_mk6_torso_tst.oppc,79.89,K
data/packages/csm_armour_mp_havoc_01_torso_tst.oppc,79.67,K
data/packages/sm_armour_blacktemp_shldrr.oppc,79.24,K
data/packages/sm_armour_mp_basic_helmet_tst.oppc,79.09,K
data/packages/csm_armour_mp_children_torso_tsh.oppc,79.03,K
data/packages/csm_armour_mp_berserk_03_helmet_tst.oppc,78.99,K
data/packages/csm_armour_mp_berserk_03_bp_tst.oppc,78.91,K
data/packages/csm_armour_mp_ironwarr_backpack_tsh.oppc,78.91,K
data/packages/sm_armour_mp_master_002_shldrl_v.oppc,78.45,K
data/packages/csm_armour_mp_children_bp_tsh.oppc,77.88,K
data/packages/csm_armour_mp_children_helmet_tsh.oppc,77.77,K
data/packages/csm_armour_mp_havoc_01_helmet_tst.oppc,77.72,K
data/packages/sm_armour_mp_bloodravens_legr_v.oppc,77.72,K
data/packages/sm_armour_mp_master_002_shldrl_tst.oppc,77.61,K
data/packages/sm_armour_mp_basic_helmet_v.oppc,77.32,K
data/packages/combat_knife_basic_tsf.oppc,77.21,K
data/packages/sm_armour_mp_librarian_belt_tsf.oppc,77.1,K
data/packages/plasmapistol_mp_basic_tsh.oppc,76.8,K
data/packages/sm_armour_mp_basic_shldrr.oppc,76.79,K
data/packages/sm_armour_mp_bloodravens_shldrr.oppc,76.63,K
data/packages/csm_armour_mp_raptor_01_shldrl.oppc,76.46,K
data/packages/sm_armour_mp_basic_shldrl.oppc,76.25,K
data/packages/sm_armour_mp_spacewolves_bp_tsh.oppc,76.22,K
data/packages/csm_armour_mp_berserk_01_bp_tt2.oppc,76.22,K
data/packages/csm_armour_mp_children_legr_v.oppc,75.92,K
data/packages/sm_armour_mp_relic_helmet_v.oppc,75.73,K
data/packages/csm_armour_mp_havoc_01_shldrl_tt1.oppc,75.66,K
data/packages/csm_armour_mp_children_armr_v.oppc,75.6,K
data/packages/powersword_basic.oppc,75.43,K
data/packages/csm_armour_mp_children_arml_v.oppc,75.26,K
data/packages/chaos_boltpistol_mp_tsh.oppc,75.11,K
data/packages/csm_armour_mp_havoc_02_helmet_tst.oppc,75.09,K
data/packages/chainsword_gold_tsh.oppc,74.53,K
data/packages/csm_armour_mp_havoc_01_shldrr_tt1.oppc,74.52,K
data/packages/csm_armour_mp_basic_shldrr_tsf.oppc,74.52,K
data/packages/csm_armour_mp_basic_legl_v.oppc,74.32,K
data/packages/sm_armour_mp_bloodravens_legl_v.oppc,74,K
data/packages/sm_armour_mp_master_001_helmet_v.oppc,73.95,K
data/packages/sm_armour_mp_mk6_helmet_tst.oppc,73.5,K
data/packages/csm_armour_mp_berserk_02_legl_v.oppc,73.49,K
data/packages/mastercraft_chainsword_tsf.oppc,73.37,K
data/packages/csm_armour_mp_havoc_03_helmet_v.oppc,73.36,K
data/packages/csm_armour_mp_havoc_03_torso_tt2.oppc,73.25,K
data/packages/csm_armour_mp_ironwarr_legr_v.oppc,73.11,K
data/packages/sm_armour_blacktemp_torso_tsh.oppc,73.09,K
data/packages/sm_armour_mp_mk4_helmet_v.oppc,73.07,K
data/packages/sm_armour_mp_master_001_shldrr.oppc,73.06,K
data/packages/sm_armour_mp_mk4_helmet_tst.oppc,72.94,K
data/packages/csm_armour_mp_ironwarr_helmet_tsh.oppc,72.93,K
data/packages/sm_armour_blacktemp_belt_tsf.oppc,72.88,K
data/packages/sm_armour_mp_librarian_torso_tt2.oppc,72.75,K
data/packages/melta_bomb.oppc,72.7,K
data/packages/sm_armour_mp_veteran_helmet_tst.oppc,72.56,K
data/packages/csm_armour_mp_havoc_01_shldrl.oppc,72.54,K
data/packages/csm_armour_mp_berserk_03_shldrl_tsf.oppc,72.54,K
data/packages/csm_armour_mp_berserk_01_helmet_tt2.oppc,72.43,K
data/packages/csm_armour_mp_basic_legl_tsf.oppc,72.18,K
data/packages/csm_armour_mp_berserk_01_helmet_v.oppc,72.05,K
data/packages/plasmapistol.oppc,71.77,K
data/packages/sm_armour_blacktemp_backpack_tsh.oppc,71.25,K
data/packages/csm_armour_mp_basic_legr_tsf.oppc,71.06,K
data/packages/sm_armour_blacktemp_belt_v.oppc,71.04,K
data/packages/sm_armour_mp_damage_belt_tsf.oppc,71.03,K
data/packages/sm_armour_mp_bloodravens_bp_tsh.oppc,70.9,K
data/packages/csm_armour_mp_havoc_03_backpack_tt2.oppc,70.9,K
data/packages/chainsword_mp_mastercraft_tsh.oppc,70.56,K
data/packages/csm_armour_mp_basic_backpack_v.oppc,70.46,K
data/packages/csm_armour_mp_children_bp_v.oppc,70.41,K
data/packages/csm_armour_mp_havoc_01_backpack_tt2.oppc,70.31,K
data/packages/csm_armour_mp_berserk_01_helmet_tst.oppc,70.24,K
data/packages/sm_armour_mp_bloodravens_torso_tsh.oppc,70,K
data/packages/csm_armour_mp_basic_shldrl_tsf.oppc,69.91,K
data/packages/sm_armour_mp_mk8_torso_tst.oppc,69.89,K
data/packages/csm_armour_mp_raptor_01_torso_tt2.oppc,69.52,K
streamingaudio/init.pck,69.42,K
data/packages/sm_armour_blacktemp_helmet_tsh.oppc,69.36,K
data/packages/csm_armour_mp_basic_arml_tsf.oppc,69.11,K
data/packages/csm_armour_mp_basic_armr_tsf.oppc,68.98,K
data/packages/sm_armour_mp_bloodravens_helmet_tsh.oppc,68.78,K
data/packages/sm_armour_mp_master_001_helmet_tst.oppc,68.69,K
data/packages/sm_armour_mp_mk6_shldrr_tt1.oppc,68.65,K
data/packages/csm_armour_mp_berserk_03_helmet_tt2.oppc,68.5,K
data/packages/sm_armour_blacktemp_shldrr_tt1.oppc,68.14,K
data/packages/sm_armour_mp_spacewolves_helmet_tsh.oppc,67.93,K
data/packages/cinematic.oppc,67.89,K
data/packages/sm_armour_mp_basic_helmet_tt2.oppc,67.8,K
data/packages/csm_armour_mp_havoc_02_torso_tt2.oppc,67.64,K
data/packages/csm_armour_mp_berserk_01_torso_tt2.oppc,67.61,K
data/chunks/part_01__part_01.oppc,67.6,K
data/packages/sm_armour_mp_damage_helmet_v.oppc,67.38,K
data/packages/csm_armour_mp_havoc_01_torso_tt2.oppc,67.32,K
data/packages/csm_armour_mp_berserk_02_torso_tt2.oppc,67.02,K
data/packages/csm_armour_mp_havoc_03_helmet_tt2.oppc,66.97,K
data/packages/sm_armour_mp_basic_torso_tt2.oppc,66.83,K
data/packages/sm_armour_mp_master_002_shldrr_tst.oppc,66.6,K
data/packages/csm_armour_mp_havoc_03_shldrr_tsf.oppc,66.41,K
data/packages/csm_armour_mp_berserk_03_torso_tt2.oppc,66.15,K
data/packages/csm_armour_mp_raptor_02_torso_tt2.oppc,65.85,K
data/packages/csm_armour_mp_havoc_02_helmet_v.oppc,65.81,K
data/packages/csm_armour_mp_berserk_03_helmet_v.oppc,65.77,K
data/packages/csm_armour_mp_berserk_02_helmet_tt2.oppc,65.69,K
data/packages/csm_armour_mp_havoc_03_shldrl_tsf.oppc,65.66,K
data/packages/chaos_boltpistol_mp_v.oppc,65.54,K
data/packages/csm_armour_mp_havoc_03_legl_tsf.oppc,65.51,K
data/packages/sm_armour_mp_mk4_backpack_tt2.oppc,65.27,K
data/packages/csm_armour_mp_havoc_03_legr_tsf.oppc,65.21,K
data/packages/csm_armour_mp_berserk_02_bp_tt2.oppc,65.16,K
data/packages/sm_armour_mp_librarian_backpack_tt2.oppc,65.02,K
data/packages/csm_armour_mp_berserk_03_bp_tt2.oppc,64.14,K
data/packages/sm_armour_mp_damage_backpack_tt2.oppc,64.1,K
data/packages/sm_armour_mp_veteran_belt_tst.oppc,64.1,K
data/packages/csm_armour_mp_havoc_02_backpack_tt2.oppc,64.09,K
data/packages/sm_armour_mp_damage_shldrr_tsf.oppc,63.97,K
data/packages/sm_armour_mp_basic_armr_tsf.oppc,63.93,K
data/packages/csm_armour_mp_berserk_03_legr_tsf.oppc,63.91,K
data/packages/csm_armour_mp_havoc_01_shldrr.oppc,63.88,K
data/packages/csm_armour_mp_havoc_01_helmet_tt2.oppc,63.61,K
data/packages/sm_armour_mp_veteran_backpack_tt2.oppc,63.6,K
data/packages/sm_armour_mp_mk4_helmet_tt2.oppc,63.52,K
data/packages/sm_armour_mp_basic_arml_tsf.oppc,63.51,K
data/packages/chaos_plasmagun_mp_v.oppc,63.31,K
data/packages/sm_armour_mp_veteran_torso_tt2.oppc,63.02,K
data/packages/csm_armour_mp_havoc_03_armr_tsf.oppc,62.98,K
data/packages/csm_armour_mp_berserk_03_legl_tsf.oppc,62.93,K
data/packages/chainsword_mp_mastercraft_v.oppc,62.92,K
data/packages/sm_armour_mp_relic_belt_tst.oppc,62.91,K
data/packages/mastercraft_chainsword_v.oppc,62.9,K
data/packages/csm_armour_mp_havoc_02_shldrl_tsf.oppc,62.8,K
data/packages/sm_armour_mp_veteran_helmet_v.oppc,62.79,K
data/packages/sm_armour_mp_mk4_arml_tsf.oppc,62.63,K
data/packages/sm_armour_mp_relic_belt_v.oppc,62.61,K
data/packages/sm_armour_mp_mk6_backpack_tt2.oppc,62.49,K
data/packages/csm_armour_mp_raptor_03_torso_tt2.oppc,62.45,K
data/packages/sm_armour_mp_master_002_torso_tsh.oppc,62.42,K
data/packages/sm_armour_mp_relic_helmet_tt2.oppc,62.4,K
data/packages/csm_armour_mp_raptor_03_shldrl_tsf.oppc,62.4,K
data/packages/csm_armour_mp_berserk_01_legr_tsf.oppc,62.1,K
data/packages/sm_armour_mp_relic_backpack_tt2.oppc,62.07,K
data/packages/csm_armour_mp_berserk_01_armr_tsf.oppc,62.02,K
data/packages/sm_armour_mp_damage_shldrl_tsf.oppc,62.01,K
data/packages/csm_armour_mp_raptor_03_shldrr_tsf.oppc,61.97,K
data/packages/sm_armour_mp_master_001_torso_tt2.oppc,61.94,K
data/packages/csm_armour_mp_berserk_01_legl_tsf.oppc,61.79,K
data/packages/sm_armour_mp_mk4_armr_tsf.oppc,61.77,K
data/packages/sm_armour_mp_damage_armr_tsf.oppc,61.75,K
data/packages/sm_armour_blacktemp_helmet_v.oppc,61.67,K
data/packages/sm_armour_mp_damage_torso_tt2.oppc,61.64,K
data/packages/csm_armour_mp_basic_torso_tt2.oppc,61.59,K
data/packages/thunderhammer_basic_v.oppc,61.57,K
data/packages/csm_armour_mp_berserk_02_helmet_v.oppc,61.5,K
data/packages/sm_armour_mp_relic_legr_tsf.oppc,61.3,K
data/packages/csm_armour_mp_berserk_03_arml_tsf.oppc,61.18,K
data/packages/csm_armour_mp_berserk_03_armr_tsf.oppc,61.15,K
data/packages/sm_armour_mp_veteran_arml_tsf.oppc,61.13,K
data/packages/csm_armour_mp_berserk_01_arml_tsf.oppc,61.03,K
data/packages/sm_armour_mp_basic_legr_tsf.oppc,60.92,K
data/packages/sm_armour_mp_relic_legl_tsf.oppc,60.88,K
data/packages/csm_armour_mp_havoc_02_arml_tsf.oppc,60.83,K
data/packages/csm_armour_mp_berserk_02_shldrl_v.oppc,60.82,K
data/packages/csm_armour_mp_havoc_02_armr_tsf.oppc,60.79,K
data/packages/sm_armour_mp_basic_legl_tsf.oppc,60.75,K
data/packages/sm_armour_mp_damage_legr_tsf.oppc,60.7,K
data/packages/csm_armour_mp_raptor_01_armr_tsf.oppc,60.69,K
data/packages/sm_armour_mp_basic_backpack_tt2.oppc,60.54,K
data/packages/csm_armour_mp_raptor_01_arml_tsf.oppc,60.42,K
data/packages/csm_armour_mp_berserk_03_shldrr_tsf.oppc,60.41,K
data/packages/csm_armour_mp_berserk_02_shldrl_tsf.oppc,60.11,K
data/packages/sm_armour_mp_veteran_helmet_tt2.oppc,60.1,K
data/packages/csm_armour_mp_raptor_02_shldrr_tsf.oppc,60,K
data/packages/sm_armour_mp_librarian_shldrr_tsf.oppc,59.95,K
data/packages/sm_armour_mp_damage_helmet_tt2.oppc,59.95,K
data/packages/csm_armour_mp_berserk_02_legl_tsf.oppc,59.85,K
data/packages/csm_armour_mp_berserk_02_shldrr_tsf.oppc,59.83,K
data/packages/sm_armour_mp_veteran_shldrr_tsf.oppc,59.81,K
data/packages/sm_armour_mp_master_001_backpack_tt2.oppc,59.65,K
data/packages/csm_armour_mp_berserk_02_arml_tsf.oppc,59.59,K
data/packages/csm_armour_mp_raptor_02_armr_tsf.oppc,59.59,K
data/packages/sm_armour_mp_veteran_armr_tsf.oppc,59.54,K
data/packages/csm_armour_mp_berserk_02_legr_tsf.oppc,59.33,K
data/packages/csm_armour_mp_raptor_02_arml_tsf.oppc,59.2,K
data/packages/sm_armour_mp_master_001_legl_tsf.oppc,59.15,K
data/packages/sm_armour_mp_mk4_shldrr_tsf.oppc,59.05,K
data/packages/csm_armour_mp_berserk_02_armr_tsf.oppc,59.02,K
data/packages/csm_armour_mp_berserk_01_shldrl_v.oppc,58.83,K
data/packages/sm_armour_mp_master_001_legr_tsf.oppc,58.79,K
data/packages/sm_armour_mp_relic_shldrl_tsf.oppc,58.75,K
data/packages/csm_armour_mp_havoc_03_arml_tsf.oppc,58.72,K
data/packages/csm_armour_mp_raptor_01_shldrr_tsf.oppc,58.71,K
bugsplatrc.dll,58.69,K
data/packages/chaos_plasmapistol_mp_v.oppc,58.68,K
data/packages/boltpistol_mp_basic_tsh.oppc,58.6,K
data/packages/sm_armour_mp_damage_legl_tsf.oppc,58.59,K
data/packages/sm_armour_mp_master_002_torso_tt2.oppc,58.47,K
data/packages/csm_armour_mp_berserk_01_shldrr_tsf.oppc,58.25,K
data/packages/sm_armour_mp_mk4_torso_tt2.oppc,58.21,K
data/packages/sm_armour_mp_relic_shldrr_tsf.oppc,58.19,K
data/packages/sm_armour_mp_damage_arml_tsf.oppc,58.17,K
data/packages/sm_armour_mp_mk4_shldrl_tsf.oppc,58.07,K
data/packages/csm_armour_mp_berserk_01_shldrl_tsf.oppc,58.02,K
data/packages/sm_armour_mp_mk8_torso_tt2.oppc,57.99,K
data/packages/sm_armour_mp_spacewolves_cloth.oppc,57.98,K
data/packages/csm_armour_mp_havoc_02_legr_tsf.oppc,57.97,K
data/packages/boltpistol_mp_basic_v.oppc,57.93,K
data/packages/sm_armour_mp_mk8_legr_tsf.oppc,57.89,K
data/packages/sm_armour_mp_basic_shldrl_tsf.oppc,57.78,K
data/packages/csm_armour_mp_raptor_03_arml_tsf.oppc,57.77,K
data/packages/sm_armour_mp_mk6_torso_tt2.oppc,57.77,K
data/packages/csm_armour_mp_havoc_02_shldrr_tsf.oppc,57.77,K
data/packages/csm_armour_mp_havoc_02_helmet_tt2.oppc,57.58,K
data/packages/sm_armour_mp_master_001_shldrl_tsf.oppc,57.54,K
data/packages/csm_armour_mp_havoc_03_shldrr_v.oppc,57.54,K
data/packages/sm_armour_mp_basic_shldrr_tsf.oppc,57.46,K
data/packages/sm_armour_mp_bloodravens_shldrr_tsf.oppc,57.46,K
data/packages/combat_knife_basic_tst.oppc,57.45,K
data/packages/sm_armour_mp_mk4_legr_tsf.oppc,57.41,K
data/packages/csm_armour_mp_havoc_02_legl_tsf.oppc,57.27,K
data/packages/csm_armour_mp_raptor_03_armr_tsf.oppc,57.16,K
data/packages/sm_armour_mp_veteran_legl_tsf.oppc,57.16,K
data/packages/sm_armour_mp_mk4_legl_tsf.oppc,57.13,K
data/chunks/part_03__part_03.oppc,57.06,K
data/packages/csm_armour_mp_raptor_02_shldrl_tsf.oppc,57.05,K
data/packages/chaos_combat_knife_mp.oppc,56.96,K
data/packages/sm_armour_mp_librarian_belt_tst.oppc,56.93,K
data/packages/sm_armour_mp_master_001_arml_tsf.oppc,56.73,K
data/packages/csm_armour_mp_basic_helmet_tt2.oppc,56.46,K
data/packages/sm_armour_mp_veteran_shldrl_tsf.oppc,56.32,K
data/packages/sm_armour_mp_veteran_legr_tsf.oppc,56.26,K
data/packages/csm_armour_mp_basic_backpack_tt2.oppc,56.13,K
data/packages/csm_armour_mp_basic_shldrr_tst.oppc,56.06,K
data/packages/sm_armour_blacktemp_shldrr_tsf.oppc,55.94,K
data/packages/csm_armour_mp_raptor_03_shldrr_v.oppc,55.73,K
data/packages/sm_armour_mp_master_001_armr_tsf.oppc,55.67,K
data/packages/sm_armour_mp_mk6_legr_tsf.oppc,55.62,K
data/packages/csm_armour_mp_havoc_01_legr_tsf.oppc,55.08,K
data/packages/sm_armour_mp_mk6_legl_tsf.oppc,55.03,K
data/packages/sm_armour_mp_mk8_legl_tsf.oppc,54.88,K
data/packages/csm_armour_mp_berserk_03_shldrl_tst.oppc,54.84,K
data/packages/sm_armour_mp_relic_armr_tsf.oppc,54.6,K
data/packages/sm_armour_mp_master_002_backpack_tt2.oppc,54.59,K
data/packages/mastercraft_chainsword_tst.oppc,54.49,K
data/packages/sm_armour_blacktemp_belt_tst.oppc,54.41,K
data/packages/campaign.oppc,54.37,K
data/packages/csm_armour_mp_basic_legl_tst.oppc,54.35,K
data/packages/sm_plasmacannon_mp_bp_001_v.oppc,54.32,K
data/packages/csm_armour_mp_raptor_02_shldrl_v.oppc,54.3,K
data/packages/sm_armour_mp_relic_arml_tsf.oppc,54.3,K
data/packages/csm_armour_mp_basic_legr_v.oppc,54.2,K
data/packages/sm_armour_mp_mk6_shldrl_v.oppc,54.14,K
data/packages/csm_armour_mp_havoc_01_legl_tsf.oppc,54.05,K
data/packages/sm_armour_mp_bloodravens_shldrr_wg.oppc,54.03,K
redist/directx/JUN2008_X3DAudio_x64.cab,53.86,K
redist/directx/Mar2008_X3DAudio_x64.cab,53.77,K
data/packages/sm_armour_mp_mk6_helmet_tt2.oppc,53.68,K
data/packages/csm_armour_mp_berserk_01_shldrr_v.oppc,53.55,K
data/packages/csm_armour_mp_basic_legr_tst.oppc,53.51,K
data/packages/csm_armour_mp_berserk_02_shldrr_v.oppc,53.4,K
redist/directx/Feb2010_X3DAudio_x64.cab,53.4,K
data/packages/sm_lascannon_mp_bp_001_v.oppc,53.37,K
redist/directx/Mar2009_X3DAudio_x64.cab,53.32,K
redist/directx/Nov2008_X3DAudio_x64.cab,53.24,K
data/packages/sm_armour_mp_damage_belt_tst.oppc,52.8,K
data/packages/csm_armour_mp_basic_shldrl_tst.oppc,52.73,K
data/packages/sm_armour_mp_master_001_shldrr_tsf.oppc,52.72,K
data/packages/power_axe_v.oppc,52.27,K
data/packages/csm_armour_mp_havoc_01_armr_tsf.oppc,52.22,K
data/packages/csm_armour_mp_basic_arml_tst.oppc,52.2,K
data/packages/csm_armour_mp_basic_armr_tst.oppc,52.13,K
redist/directx/APR2007_xinput_x86.cab,52.05,K
data/packages/csm_armour_mp_havoc_01_arml_tsf.oppc,51.85,K
data/packages/material_effect_container.oppc,51.48,K
data/packages/sm_armour_mp_spacewolves_helmet_v.oppc,51.42,K
data/packages/chainaxe_v.oppc,51.35,K
data/packages/csm_armour_mp_havoc_02_shldrr_v.oppc,51.03,K
data/packages/csm_armour_mp_havoc_03_shldrl_v.oppc,51.02,K
data/packages/csm_armour_mp_raptor_01_shldrr_v.oppc,50.62,K
data/packages/sm_armour_mp_master_001_helmet_tt2.oppc,50.48,K
data/packages/powersword_basic_v.oppc,50.02,K
readmePL.txt,49.9,K
data/packages/csm_armour_mp_havoc_03_shldrr_tst.oppc,49.87,K
data/packages/sm_armour_mp_mk6_shldrr.oppc,49.68,K
data/packages/plasmapistol_mp_basic_v.oppc,49.63,K
data/packages/csm_armour_mp_raptor_01_shldrl_tsf.oppc,49.53,K
data/packages/csm_armour_mp_havoc_03_shldrl_tst.oppc,49.47,K
data/packages/csm_armour_mp_havoc_03_legl_tst.oppc,49.22,K
data/packages/csm_armour_mp_raptor_03_shldrl_v.oppc,49.07,K
data/packages/csm_armour_mp_havoc_03_legr_tst.oppc,48.96,K
data/packages/sm_armour_mp_damage_shldrr_tst.oppc,48.5,K
data/packages/sm_armour_mp_basic_armr_tst.oppc,48.41,K
data/packages/csm_armour_mp_berserk_03_legr_tst.oppc,48.31,K
data/packages/sm_armour_mp_basic_arml_tst.oppc,48.05,K
data/packages/chainsword_gold_v.oppc,47.95,K
data/packages/sm_hbolter_mp_bp_001_v.oppc,47.87,K
data/packages/csm_armour_mp_berserk_03_legl_tst.oppc,47.6,K
data/packages/sm_armour_mp_mk4_arml_tst.oppc,47.31,K
data/packages/sm_armour_mp_librarian_shldrr_v.oppc,47.25,K
data/packages/sm_armour_mp_damage_shldrl_tst.oppc,47.17,K
data/packages/csm_armour_mp_havoc_03_armr_tst.oppc,47.1,K
data/packages/csm_armour_mp_berserk_01_armr_tst.oppc,46.95,K
data/packages/csm_armour_mp_raptor_03_shldrl_tst.oppc,46.88,K
data/packages/sm_armour_mp_damage_armr_tst.oppc,46.84,K
data/packages/csm_armour_mp_berserk_01_legr_tst.oppc,46.74,K
data/packages/sm_armour_mp_mk4_armr_tst.oppc,46.65,K
data/packages/csm_armour_mp_raptor_03_shldrr_tst.oppc,46.57,K
data/packages/csm_armour_mp_berserk_01_legl_tst.oppc,46.55,K
data/packages/csm_armour_mp_berserk_03_arml_tst.oppc,46.45,K
data/packages/csm_armour_mp_berserk_03_armr_tst.oppc,46.43,K
data/packages/csm_armour_mp_havoc_02_shldrl_v.oppc,46.37,K
data/packages/csm_armour_mp_ironwarr_legl_tsh.oppc,46.35,K
data/packages/csm_armour_mp_havoc_02_shldrl_tst.oppc,46.33,K
data/packages/sm_armour_mp_veteran_arml_tst.oppc,46.23,K
data/packages/csm_armour_mp_berserk_01_arml_tst.oppc,46.22,K
data/packages/sm_armour_mp_basic_legr_tst.oppc,46.2,K
data/packages/sm_armour_mp_damage_legr_tst.oppc,46.18,K
data/config/aibehaviour/behaviourfunctions.xml,46.18,K
data/packages/csm_armour_mp_berserk_03_shldrr_tst.oppc,46.14,K
data/packages/sm_armour_mp_basic_legl_tst.oppc,46.07,K
data/packages/csm_armour_mp_ironwarr_shldrr_tsh.oppc,46.02,K
data/packages/sm_armour_mp_relic_legr_tst.oppc,45.89,K
data/packages/sm_armour_mp_librarian_shldrr_tst.oppc,45.85,K
data/packages/csm_armour_mp_children_helmet_v.oppc,45.77,K
data/packages/chaos_powermace_tsh.oppc,45.67,K
data/packages/sm_armour_mp_veteran_shldrr_tst.oppc,45.63,K
data/packages/csm_armour_mp_berserk_02_shldrr_tst.oppc,45.58,K
data/packages/sm_armour_mp_relic_legl_tst.oppc,45.56,K
readmeCZ.txt,45.48,K
data/packages/csm_armour_mp_berserk_02_shldrl_tst.oppc,45.46,K
data/packages/sm_armour_mp_veteran_armr_tst.oppc,45.21,K
data/packages/csm_armour_mp_berserk_02_arml_tst.oppc,45.13,K
data/packages/csm_armour_mp_berserk_02_legl_tst.oppc,45.12,K
data/packages/csm_armour_mp_raptor_02_armr_tst.oppc,45.09,K
redist/directx/NOV2007_X3DAudio_x64.cab,45.06,K
data/packages/csm_armour_mp_havoc_02_armr_tst.oppc,45.05,K
data/packages/csm_armour_mp_havoc_02_arml_tst.oppc,45.03,K
data/packages/csm_armour_mp_ironwarr_legr_tsh.oppc,44.98,K
redist/directx/AUG2006_xinput_x86.cab,44.98,K
redist/directx/Apr2006_xinput_x86.cab,44.93,K
data/packages/csm_armour_mp_raptor_01_armr_tst.oppc,44.59,K
data/packages/csm_armour_mp_berserk_02_armr_tst.oppc,44.59,K
data/packages/csm_armour_mp_raptor_02_arml_tst.oppc,44.58,K
data/packages/sm_armour_mp_damage_legl_tst.oppc,44.57,K
data/packages/csm_armour_mp_berserk_02_legr_tst.oppc,44.54,K
data/packages/sm_armour_mp_mk4_shldrr_tst.oppc,44.47,K
data/packages/csm_armour_mp_berserk_01_shldrr_tst.oppc,44.43,K
data/packages/csm_armour_mp_raptor_01_arml_tst.oppc,44.31,K
redist/directx/Oct2005_xinput_x86.cab,44.3,K
data/packages/csm_armour_mp_havoc_01_shldrl_tsf.oppc,44.24,K
data/packages/csm_armour_mp_raptor_02_shldrr_tst.oppc,44.12,K
data/packages/sm_armour_mp_basic_shldrl_tst.oppc,44.11,K
data/packages/csm_armour_mp_berserk_03_legl_tt2.oppc,44.06,K
data/packages/csm_armour_mp_berserk_01_shldrl_tst.oppc,43.98,K
data/packages/csm_armour_mp_raptor_03_arml_tst.oppc,43.98,K
data/packages/csm_armour_mp_berserk_01_legl_tt2.oppc,43.97,K
data/packages/csm_armour_mp_havoc_01_shldrr_tsf.oppc,43.97,K
data/packages/sm_armour_mp_master_001_legl_tst.oppc,43.96,K
data/packages/csm_armour_mp_children_legr_tsh.oppc,43.94,K
data/packages/sm_armour_mp_librarian_belt_wg.oppc,43.9,K
data/packages/sm_armour_mp_bloodravens_shldrr_tst.oppc,43.87,K
data/packages/sm_armour_mp_basic_shldrr_tst.oppc,43.87,K
data/packages/csm_armour_mp_raptor_02_shldrr_v.oppc,43.63,K
data/packages/sm_armour_mp_mk4_shldrl_tst.oppc,43.61,K
redist/directx/dxdllreg_x86.cab,43.58,K
data/packages/csm_armour_mp_ironwarr_shldrl_tsh.oppc,43.53,K
data/packages/csm_armour_mp_havoc_03_arml_tst.oppc,43.53,K
data/packages/sm_armour_mp_master_001_legr_tst.oppc,43.45,K
data/packages/sm_armour_blacktemp_shldrl_tsh.oppc,43.43,K
data/packages/sm_armour_mp_relic_shldrl_tst.oppc,43.43,K
data/packages/csm_armour_mp_raptor_03_armr_tst.oppc,43.42,K
data/packages/sm_armour_mp_damage_arml_tst.oppc,43.36,K
data/packages/sm_armour_mp_mk6_shldrl_tsf.oppc,43.36,K
data/packages/sm_armour_mp_veteran_legl_tst.oppc,43.34,K
data/packages/csm_armour_mp_berserk_01_legr_tt2.oppc,43.23,K
data/packages/csm_armour_mp_raptor_01_shldrr_tst.oppc,43.16,K
data/packages/sm_armour_mp_mk8_legr_tst.oppc,43.1,K
data/packages/sm_armour_mp_relic_shldrr_tst.oppc,43.04,K
data/packages/chaos_powermace_v.oppc,43.03,K
data/packages/sm_armour_mp_veteran_legr_tst.oppc,42.89,K
data/packages/csm_armour_mp_children_legl_tsh.oppc,42.84,K
data/packages/csm_armour_mp_havoc_02_legr_tst.oppc,42.84,K
data/packages/csm_armour_mp_havoc_03_legl_tt2.oppc,42.79,K
readmeEN.txt,42.78,K
data/packages/csm_armour_mp_ironwarr_armr_tsh.oppc,42.73,K
data/packages/sm_armour_mp_spacewolves_legr_tsh.oppc,42.73,K
data/packages/csm_armour_mp_children_shldrl_tsh.oppc,42.69,K
data/packages/sm_armour_mp_mk4_legr_tst.oppc,42.67,K
data/packages/csm_armour_mp_ironwarr_arml_tsh.oppc,42.58,K
data/packages/sm_armour_mp_veteran_shldrl_tst.oppc,42.54,K
data/packages/sm_armour_mp_master_001_shldrl_tst.oppc,42.53,K
data/packages/csm_armour_mp_havoc_02_shldrr_tst.oppc,42.41,K
data/packages/sm_armour_mp_mk4_legl_tst.oppc,42.4,K
data/packages/csm_armour_mp_havoc_02_legl_tst.oppc,42.35,K
data/packages/sm_armour_blacktemp_shldrr_tst.oppc,42.3,K
data/packages/csm_armor_berserk_001_backpack.oppc,42.29,K
data/packages/sm_armour_mp_spacewolves_armr_tsh.oppc,42.21,K
data/packages/csm_armour_mp_berserk_03_shldrr_v.oppc,42.08,K
data/packages/sm_armour_mp_master_001_arml_tst.oppc,42.05,K
data/packages/sm_armour_mp_spacewolves_arml_tsh.oppc,41.88,K
data/packages/thunderhammer_basic_tsh.oppc,41.84,K
data/packages/sm_armour_blacktemp_armr_tsh.oppc,41.7,K
data/packages/csm_armour_mp_raptor_02_shldrl_tst.oppc,41.68,K
data/packages/sm_armour_blacktemp_arml_tsh.oppc,41.65,K
data/packages/csm_armour_mp_havoc_03_legr_tt2.oppc,41.56,K
data/packages/sm_armour_mp_spacewolves_legl_tsh.oppc,41.54,K
data/packages/chaos_combat_knife_mp_tsf.oppc,41.49,K
data/packages/sm_armour_mp_mk6_legr_tst.oppc,41.47,K
data/packages/csm_armour_mp_berserk_03_legr_tt2.oppc,41.37,K
data/packages/sm_armour_mp_master_001_armr_tst.oppc,41.22,K
data/packages/csm_armour_mp_havoc_03_arml_tt2.oppc,41.04,K
data/packages/unholyrelic_chainsword_mp_v.oppc,41.03,K
data/packages/chaos_chainsword_v.oppc,41.01,K
data/packages/sm_armour_mp_mk6_legl_tst.oppc,40.9,K
data/packages/csm_armour_mp_havoc_01_legr_tst.oppc,40.78,K
data/packages/csm_armour_mp_children_armr_tsh.oppc,40.75,K
data/packages/sm_armour_mp_mk8_legl_tst.oppc,40.68,K
data/packages/sm_armour_mp_relic_armr_tst.oppc,40.49,K
data/packages/csm_armour_mp_children_arml_tsh.oppc,40.47,K
data/packages/ui_fe_pc.oppc,40.42,K
data/packages/sm_armour_mp_relic_arml_tst.oppc,40.26,K
data/packages/csm_armour_mp_children_shldrr_tsh.oppc,40.17,K
data/packages/sm_armour_mp_veteran_belt_v.oppc,40.1,K
data/packages/csm_armour_mp_havoc_01_legl_tst.oppc,40.06,K
data/packages/global.oppc,39.97,K
data/packages/sm_armour_mp_bloodravens_shldrr_tt1.oppc,39.8,K
data/packages/csm_armour_mp_havoc_03_armr_tt2.oppc,39.8,K
data/packages/csm_armour_mp_havoc_02_arml_tt2.oppc,39.66,K
data/packages/sm_armour_mp_bloodravens_legr_tsh.oppc,39.66,K
data/packages/csm_armour_mp_havoc_03_shldrr_tt2.oppc,39.61,K
data/packages/csm_armour_mp_basic_torso_tsh.oppc,39.36,K
data/packages/sm_armour_mp_basic_legr_tt2.oppc,39.32,K
data/packages/csm_armour_mp_berserk_02_legr_tt2.oppc,39.32,K
data/packages/sm_armour_mp_bloodravens_legl_tsh.oppc,39.32,K
data/packages/csm_armour_mp_berserk_01_arml_tt2.oppc,39.26,K
data/packages/sm_armour_mp_basic_arml_tt2.oppc,39.02,K
data/packages/csm_armour_mp_basic_helmet_tsh.oppc,38.95,K
data/packages/sm_armour_mp_master_001_shldrr_tst.oppc,38.87,K
data/packages/sm_armour_mp_basic_legl_tt2.oppc,38.75,K
data/packages/csm_armour_mp_havoc_02_armr_tt2.oppc,38.74,K
data/packages/csm_armour_mp_berserk_02_shldrl_tt2.oppc,38.7,K
data/packages/csm_armour_mp_havoc_03_shldrl_tt2.oppc,38.69,K
data/packages/csm_armour_mp_havoc_03_torso_tsh.oppc,38.65,K
data/packages/csm_armour_mp_berserk_03_arml_tt2.oppc,38.63,K
data/packages/sm_armour_mp_spacewolves_shldrl_tsh.oppc,38.47,K
data/packages/csm_armour_mp_havoc_01_armr_tst.oppc,38.42,K
data/packages/sm_armour_mp_relic_legr_tt2.oppc,38.37,K
data/packages/sm_armour_mp_spacewolves_shldrr_tsh.oppc,38.35,K
data/packages/sm_armour_mp_relic_shldrr_v.oppc,38.32,K
data/packages/csm_armour_mp_havoc_02_legl_tt2.oppc,38.28,K
data/packages/csm_power_sword_tsh.oppc,38.26,K
data/packages/sm_armour_mp_veteran_legr_tt2.oppc,38.19,K
data/packages/csm_armour_mp_berserk_01_shldrr_tt2.oppc,38.14,K
data/packages/csm_armour_mp_havoc_01_arml_tst.oppc,38.1,K
data/packages/sm_armour_mp_veteran_shldrl_tt2.oppc,38.09,K
data/packages/csm_armour_mp_berserk_01_armr_tt2.oppc,38,K
data/packages/csm_armour_mp_berserk_02_armr_tt2.oppc,38,K
data/packages/csm_armour_mp_havoc_02_legr_tt2.oppc,37.98,K
data/packages/sm_armour_mp_basic_armr_tt2.oppc,37.97,K
data/packages/sm_armour_blacktemp_shldrl_v.oppc,37.86,K
data/packages/sm_armour_blacktemp_legl_tsh.oppc,37.84,K
data/packages/sm_armour_mp_relic_armr_tt2.oppc,37.83,K
data/packages/sm_armour_mp_relic_legl_tt2.oppc,37.79,K
data/packages/sm_armour_mp_damage_legr_tt2.oppc,37.77,K
data/packages/sm_armour_mp_mk4_legl_tt2.oppc,37.62,K
data/packages/sm_armour_mp_damage_shldrr_tt2.oppc,37.54,K
data/packages/csm_armour_mp_berserk_02_torso_tsh.oppc,37.33,K
data/packages/csm_armour_mp_raptor_02_shldrr_tt2.oppc,37.28,K
data/packages/sm_armour_mp_master_002_backpack_tsh.oppc,37.19,K
data/packages/csm_armour_mp_raptor_03_shldrl_tt2.oppc,37.12,K
data/packages/sm_armour_blacktemp_legr_tsh.oppc,37.09,K
data/packages/sm_armour_mp_master_001_torso_tsh.oppc,37.09,K
data/packages/csm_armour_mp_berserk_03_armr_tt2.oppc,37,K
data/packages/sm_armour_mp_mk6_legl_tt2.oppc,37,K
data/packages/csm_armour_mp_havoc_03_backpack_tsh.oppc,36.98,K
data/packages/csm_armour_mp_raptor_01_torso_tsh.oppc,36.95,K
data/packages/sm_armour_mp_librarian_belt_v.oppc,36.94,K
data/packages/stikka_bomb_proj.oppc,36.84,K
data/packages/sm_armour_mp_damage_legl_tt2.oppc,36.76,K
data/packages/csm_armour_mp_havoc_01_backpack_tsh.oppc,36.75,K
data/packages/sm_armour_mp_relic_arml_tt2.oppc,36.73,K
data/packages/csm_armour_mp_havoc_01_legr_tt2.oppc,36.73,K
data/packages/sm_armour_mp_veteran_shldrr_tt2.oppc,36.67,K
data/packages/csm_power_sword_v.oppc,36.53,K
data/packages/climb_sway_scatter.oppc,36.47,K
data/packages/csm_armour_mp_raptor_02_arml_tt2.oppc,36.44,K
data/packages/csm_armour_mp_havoc_02_torso_tsh.oppc,36.34,K
data/packages/csm_armour_mp_raptor_02_torso_tsh.oppc,36.32,K
data/packages/csm_armour_mp_raptor_01_armr_tt2.oppc,36.23,K
data/packages/sm_armour_mp_relic_shldrl_v.oppc,36.2,K
data/packages/sm_armour_mp_master_001_backpack_tsh.oppc,36.15,K
data/packages/csm_armour_mp_berserk_02_bp_tsh.oppc,36.14,K
data/packages/csm_armour_mp_havoc_02_shldrr_tt2.oppc,36.08,K
readmeFR.txt,36.08,K
readmeDE.txt,36.03,K
data/packages/csm_armour_mp_raptor_01_shldrl_tst.oppc,36.03,K
data/packages/sm_armour_mp_mk6_legr_tt2.oppc,35.99,K
data/packages/csm_armour_mp_raptor_01_arml_tt2.oppc,35.97,K
data/packages/csm_armour_mp_berserk_02_arml_tt2.oppc,35.91,K
data/packages/csm_armour_mp_basic_shldrr_tt2.oppc,35.85,K
data/packages/csm_armour_mp_basic_legl_tt2.oppc,35.83,K
data/packages/sm_armour_mp_veteran_armr_tt2.oppc,35.78,K
data/packages/csm_armour_mp_raptor_03_shldrr_tt2.oppc,35.61,K
data/packages/sm_armour_mp_relic_helmet_tsh.oppc,35.55,K
data/packages/csm_armour_mp_berserk_01_shldrl_tt2.oppc,35.41,K
data/packages/csm_armour_mp_raptor_03_armr_tt2.oppc,35.39,K
data/packages/sm_armour_mp_mk6_shldrr_tsf.oppc,35.39,K
data/packages/sm_armour_mp_damage_armr_tt2.oppc,35.36,K
data/packages/sm_armour_mp_mk4_backpack_tsh.oppc,35.28,K
data/packages/sm_armour_mp_damage_shldrr_v.oppc,35.19,K
data/packages/csm_armour_mp_havoc_01_legl_tt2.oppc,35.16,K
data/packages/csm_armour_mp_havoc_02_backpack_tsh.oppc,35.15,K
data/packages/sm_armour_mp_librarian_shldrr_tt2.oppc,35.13,K
data/packages/sm_armour_mp_librarian_torso_tsh.oppc,35.06,K
data/packages/sm_armour_mp_master_001_arml_tt2.oppc,34.99,K
data/packages/csm_armour_mp_berserk_02_legl_tt2.oppc,34.96,K
data/packages/csm_armour_mp_havoc_02_shldrl_tt2.oppc,34.95,K
data/packages/sm_armour_mp_master_001_legl_tt2.oppc,34.86,K
data/packages/csm_armour_mp_raptor_02_armr_tt2.oppc,34.82,K
data/packages/sm_armour_mp_damage_shldrl_tt2.oppc,34.71,K
data/packages/csm_armour_mp_berserk_01_torso_tsh.oppc,34.7,K
data/packages/frag_grenade.oppc,34.56,K
data/packages/csm_armour_mp_raptor_03_torso_tsh.oppc,34.55,K
data/packages/csm_armour_mp_berserk_03_torso_tsh.oppc,34.53,K
data/packages/sm_armour_mp_mk8_legr_tt2.oppc,34.49,K
data/packages/csm_armour_mp_raptor_01_shldrr_tt2.oppc,34.48,K
data/packages/csm_armour_mp_berserk_01_bp_tsh.oppc,34.42,K
data/packages/sm_armour_mp_veteran_legl_tt2.oppc,34.4,K
data/packages/sm_armour_mp_relic_backpack_tsh.oppc,34.39,K
data/packages/sm_armour_mp_mk4_legr_tt2.oppc,34.37,K
data/packages/sm_armour_mp_bloodravens_shldrl_tsh.oppc,34.32,K
data/packages/sm_armour_mp_relic_belt_tt2.oppc,34.29,K
data/packages/sm_armour_mp_mk4_arml_tt2.oppc,34.25,K
data/packages/csm_armour_mp_berserk_03_shldrl_v.oppc,34.24,K
data/packages/csm_armour_mp_basic_backpack_tsh.oppc,34.21,K
data/config/credits.xml,34.18,K
data/packages/csm_armour_mp_havoc_03_helmet_tsh.oppc,34.14,K
data/packages/sm_armour_mp_veteran_torso_tsh.oppc,34.13,K
data/packages/sm_armour_mp_master_001_legr_tt2.oppc,34.09,K
data/packages/csm_armour_mp_basic_legr_tt2.oppc,34.07,K
data/packages/sm_armour_mp_mk4_shldrr_v.oppc,34.04,K
data/packages/sm_armour_mp_mk4_shldrl_v.oppc,34.03,K
data/packages/sm_armour_mp_mk4_torso_tsh.oppc,34.01,K
data/packages/csm_armour_mp_raptor_02_shldrl_tt2.oppc,34,K
data/packages/sm_armour_mp_relic_shldrl_tt2.oppc,33.99,K
data/packages/sm_armour_mp_mk4_shldrr_tt2.oppc,33.93,K
data/packages/sm_armour_mp_mk6_backpack_tsh.oppc,33.8,K
data/packages/sm_armour_mp_master_001_shldrl_tt2.oppc,33.77,K
data/packages/sm_armour_mp_librarian_backpack_tsh.oppc,33.75,K
data/packages/sm_armour_mp_master_001_armr_tt2.oppc,33.75,K
data/packages/csm_armour_mp_berserk_02_shldrr_tt2.oppc,33.7,K
data/packages/csm_armour_mp_havoc_01_helmet_tsh.oppc,33.68,K
data/packages/csm_armour_mp_berserk_03_bp_tsh.oppc,33.63,K
data/packages/sm_armour_mp_basic_backpack_tsh.oppc,33.58,K
data/packages/stikkbomb_stormboy.oppc,33.58,K
data/packages/csm_armour_mp_ironwarr_shldrr_v.oppc,33.46,K
data/packages/sm_armour_mp_damage_backpack_tsh.oppc,33.45,K
data/packages/csm_armour_mp_basic_shldrr_v.oppc,33.41,K
data/packages/sm_armour_mp_mk6_torso_tsh.oppc,33.39,K
data/packages/sm_armour_mp_veteran_backpack_tsh.oppc,33.39,K
data/packages/csm_armour_mp_havoc_01_torso_tsh.oppc,33.29,K
data/packages/sm_armour_mp_basic_torso_tsh.oppc,33.26,K
data/packages/sm_armour_mp_relic_shldrr_tt2.oppc,33.24,K
data/packages/csm_armour_mp_basic_armr_tt2.oppc,33.2,K
data/packages/sm_armour_mp_veteran_arml_tt2.oppc,33.17,K
data/packages/csm_armour_mp_raptor_03_arml_tt2.oppc,33.14,K
data/packages/sm_armour_mp_basic_shldrr_tt2.oppc,33.13,K
data/packages/sm_armour_mp_damage_torso_tsh.oppc,33.12,K
data/packages/sm_armour_mp_master_002_shldrl_tsh.oppc,33.1,K
data/packages/sm_armour_mp_master_001_shldrr_tt2.oppc,33.08,K
data/packages/sm_armour_mp_mk4_shldrl_tt2.oppc,33.03,K
data/packages/csm_armour_mp_havoc_01_arml_tt2.oppc,32.99,K
data/packages/sm_armour_mp_mk8_legl_tt2.oppc,32.92,K
data/packages/sm_armour_mp_librarian_belt_tt1.oppc,32.87,K
data/packages/chaos_missile_turret.oppc,32.74,K
data/packages/csm_armour_mp_havoc_01_armr_tt2.oppc,32.71,K
data/packages/csm_armour_mp_havoc_01_shldrl_tst.oppc,32.7,K
data/packages/sm_armour_mp_mk4_armr_tt2.oppc,32.64,K
data/packages/csm_armour_mp_havoc_02_helmet_tsh.oppc,32.59,K
data/packages/csm_armour_mp_havoc_01_shldrr_tst.oppc,32.56,K
data/packages/csm_armour_mp_berserk_03_shldrr_tt2.oppc,32.52,K
data/packages/csm_armour_mp_berserk_03_shldrl_tt2.oppc,32.49,K
data/packages/sm_armour_mp_basic_shldrl_tt2.oppc,32.44,K
data/packages/csm_armour_mp_raptor_01_shldrl_tt2.oppc,32.3,K
data/packages/csm_armour_mp_berserk_02_helmet_tsh.oppc,32.29,K
data/packages/csm_armour_mp_basic_shldrl_tt2.oppc,32.21,K
data/packages/csm_armour_mp_havoc_01_shldrl_v.oppc,32.13,K
data/packages/csm_armour_mp_basic_arml_tt2.oppc,32.06,K
data/packages/sm_armour_mp_mk6_shldrl_tst.oppc,31.89,K
data/packages/sm_armour_mp_mk6_helmet_tsh.oppc,31.71,K
data/packages/sm_armour_mp_mk4_helmet_tsh.oppc,31.67,K
data/packages/sm_armour_mp_spacewolves_cloth_v.oppc,31.53,K
data/chunks/part_05__part_05.oppc,31.49,K
readmeSP.txt,31.48,K
readmeDU.txt,31.4,K
data/packages/chaos_combat_knife_mp_tst.oppc,31.3,K
data/packages/csm_armour_mp_berserk_01_helmet_tsh.oppc,31.29,K
data/packages/csm_armour_mp_children_shldrl_v.oppc,31.02,K
data/packages/sm_armour_mp_master_002_shldrr_v.oppc,30.99,K
data/packages/sm_commandsquad_dif.oppc,30.92,K
data/packages/sm_armour_mp_damage_helmet_tsh.oppc,30.9,K
data/packages/sm_armour_mp_master_001_helmet_tsh.oppc,30.9,K
data/packages/sm_armour_mp_damage_belt_v.oppc,30.61,K
data/packages/csm_armour_mp_raptor_01_shldrl_v.oppc,30.59,K
data/packages/csm_armour_mp_berserk_03_helmet_tsh.oppc,30.54,K
data/packages/sm_armour_mp_basic_helmet_tsh.oppc,30.52,K
readmeRU.txt,30.37,K
data/packages/sm_armour_mp_damage_arml_tt2.oppc,30.29,K
data/packages/sm_armour_mp_spacewolves_cloth_tsf.oppc,30.18,K
readmeIT.txt,30.18,K
data/packages/sm_armour_mp_master_001_shldrl_v.oppc,30.05,K
data/packages/sm_armour_mp_mk8_torso_tsh.oppc,29.71,K
data/packages/powersword_basic_tsf.oppc,29.19,K
data/packages/sm_armour_mp_veteran_helmet_tsh.oppc,28.73,K
data/packages/sm_armour_mp_master_002_shldrr_tsh.oppc,28.52,K
data/packages/prop_content.oppc,28.51,K
data/packages/csm_armour_mp_basic_shldrl_v.oppc,27.99,K
data/packages/sm_armour_mp_veteran_shldrl_v.oppc,27.69,K
data/packages/sm_armour_mp_veteran_shldrr_v.oppc,27.49,K
data/packages/sm_armour_mp_relic_belt_tsh.oppc,27.08,K
data/packages/sm_armour_blacktemp_shldrr_v.oppc,27.06,K
data/packages/sm_armour_mp_mk6_shldrl_tt2.oppc,26.9,K
data/packages/sm_armour_mp_bloodravens_shldrl_v.oppc,26.68,K
data/packages/sm_armour_mp_veteran_belt_tsh.oppc,26.51,K
data/packages/sm_armour_mp_mk6_shldrr_tst.oppc,26.15,K
data/packages/spacemarine_camera.oppc,25.79,K
data/packages/world_info.oppc,25.71,K
data/packages/csm_armour_mp_ironwarr_shldrl_v.oppc,25.31,K
data/packages/combat_knife_basic_tsh.oppc,25.26,K
data/packages/csm_armour_mp_havoc_01_shldrl_tt2.oppc,25.01,K
data/packages/csm_armour_mp_havoc_01_shldrr_tt2.oppc,24.92,K
data/packages/sm_armour_mp_librarian_belt_tsh.oppc,24.49,K
data/packages/sm_armour_mp_damage_shldrl_v.oppc,24.25,K
data/packages/sm_armour_mp_master_001_shldrr_v.oppc,24.02,K
data/packages/csm_armour_mp_havoc_01_shldrr_v.oppc,23.7,K
data/packages/mastercraft_chainsword_tsh.oppc,23.62,K
data/packages/sm_armour_mp_mk6_shldrr_tt2.oppc,23.51,K
data/packages/sm_armour_blacktemp_belt_tsh.oppc,23.07,K
data/packages/sm_armour_mp_basic_shldrr_v.oppc,23.03,K
data/packages/sm_armour_mp_damage_belt_tsh.oppc,22.9,K
data/packages/sm_armour_mp_bloodravens_shldrr_v.oppc,22.9,K
data/packages/csm_armour_mp_basic_shldrr_tsh.oppc,22.77,K
data/packages/sm_armour_mp_spacewolves_cloth_tst.oppc,22.77,K
data/packages/sm_armour_mp_basic_shldrl_v.oppc,22.22,K
data/packages/sm_armour_blacktemp_shldrr_tt2.oppc,22.2,K
data/packages/csm_armour_mp_basic_legl_tsh.oppc,22.16,K
data/packages/csm_armour_mp_children_shldrr_v.oppc,22.16,K
data/packages/powersword_basic_tst.oppc,22.03,K
data/packages/csm_armour_mp_berserk_03_shldrl_tsh.oppc,21.97,K
data/packages/csm_armour_mp_basic_legr_tsh.oppc,21.77,K
redist/directx/JUN2008_X3DAudio_x86.cab,21.39,K
data/packages/csm_armour_mp_basic_shldrl_tsh.oppc,21.36,K
redist/directx/Mar2008_X3DAudio_x86.cab,21.35,K
redist/directx/Nov2008_X3DAudio_x86.cab,21.34,K
data/packages/csm_armour_mp_basic_arml_tsh.oppc,21,K
data/packages/csm_armour_mp_basic_armr_tsh.oppc,20.94,K
redist/directx/Mar2009_X3DAudio_x86.cab,20.8,K
data/packages/csm_armour_mp_havoc_03_shldrr_tsh.oppc,20.73,K
data/packages/csm_armour_mp_havoc_02_shldrl_tsh.oppc,20.68,K
data/packages/csm_armour_mp_havoc_03_legl_tsh.oppc,20.5,K
data/packages/csm_armour_mp_havoc_03_legr_tsh.oppc,20.49,K
data/packages/csm_armour_mp_raptor_01_arml_tsh.oppc,20.42,K
data/packages/csm_armour_mp_raptor_01_armr_tsh.oppc,20.41,K
data/packages/csm_armour_mp_havoc_03_shldrl_tsh.oppc,20.38,K
data/packages/custom_paint_scheme.oppc,20.3,K
data/packages/csm_armour_mp_raptor_02_shldrr_tsh.oppc,20.26,K
redist/directx/Feb2010_X3DAudio_x86.cab,20.23,K
data/packages/csm_armour_mp_havoc_02_arml_tsh.oppc,20.12,K
data/packages/combat_knife_basic_v.oppc,20.11,K
data/packages/csm_armour_mp_havoc_02_armr_tsh.oppc,20.09,K
data/packages/csm_armour_mp_havoc_03_armr_tsh.oppc,20.07,K
data/packages/csm_armour_mp_raptor_01_shldrr_tsh.oppc,19.9,K
data/packages/csm_armour_mp_raptor_03_shldrl_tsh.oppc,19.87,K
data/packages/csm_armour_mp_berserk_03_legr_tsh.oppc,19.81,K
data/packages/sm_armour_mp_basic_armr_tsh.oppc,19.76,K
data/packages/sm_armour_mp_relic_legr_tsh.oppc,19.75,K
data/packages/csm_armour_mp_berserk_01_legr_tsh.oppc,19.75,K
data/packages/sm_armour_mp_basic_arml_tsh.oppc,19.73,K
data/packages/csm_armour_mp_raptor_03_shldrr_tsh.oppc,19.73,K
data/packages/sm_armour_mp_master_001_legr_tsh.oppc,19.7,K
data/packages/csm_armour_mp_raptor_02_shldrl_tsh.oppc,19.69,K
data/packages/sm_armour_mp_relic_legl_tsh.oppc,19.68,K
data/packages/csm_armour_mp_havoc_02_shldrr_tsh.oppc,19.67,K
data/packages/sm_armour_mp_damage_shldrr_tsh.oppc,19.66,K
data/packages/sm_armour_mp_relic_shldrl_tsh.oppc,19.63,K
data/packages/sm_armour_mp_mk4_arml_tsh.oppc,19.62,K
data/packages/csm_armour_mp_berserk_03_legl_tsh.oppc,19.62,K
data/packages/csm_armour_mp_berserk_01_legl_tsh.oppc,19.59,K
data/packages/sm_armour_mp_master_001_legl_tsh.oppc,19.58,K
data/packages/csm_armour_mp_havoc_03_arml_tsh.oppc,19.55,K
data/packages/csm_armour_mp_havoc_02_legr_tsh.oppc,19.5,K
data/packages/sm_armour_mp_relic_shldrr_tsh.oppc,19.47,K
data/packages/sm_acc_iron_halo_v.oppc,19.44,K
data/packages/sm_armour_mp_mk4_armr_tsh.oppc,19.43,K
data/packages/csm_armour_mp_berserk_01_armr_tsh.oppc,19.3,K
data/packages/sm_purity_seal.oppc,19.27,K
data/packages/csm_armour_mp_havoc_02_legl_tsh.oppc,19.25,K
data/packages/sm_armour_mp_master_001_shldrl_tsh.oppc,19.23,K
data/packages/sm_armour_mp_damage_arml_tsh.oppc,19.2,K
data/packages/sm_armour_mp_damage_armr_tsh.oppc,19.19,K
data/packages/sm_armour_mp_veteran_arml_tsh.oppc,19.17,K
data/packages/sm_armour_mp_mk8_legr_tsh.oppc,19.12,K
data/packages/sm_armour_mp_damage_shldrl_tsh.oppc,19.11,K
data/packages/sm_armour_mp_mk4_legr_tsh.oppc,19.07,K
data/packages/sm_armour_mp_mk4_legl_tsh.oppc,19.07,K
data/packages/chaos_combat_knife_mp_v.oppc,19.06,K
data/packages/sm_armour_mp_basic_legr_tsh.oppc,19.03,K
data/packages/sm_armour_mp_basic_legl_tsh.oppc,19.03,K
data/packages/csm_armour_mp_berserk_01_arml_tsh.oppc,19.03,K
data/packages/csm_armour_mp_berserk_03_armr_tsh.oppc,19.02,K
data/packages/csm_armour_mp_berserk_03_arml_tsh.oppc,19.02,K
data/packages/csm_armour_mp_berserk_02_legl_tsh.oppc,19,K
data/packages/sm_armour_mp_master_001_arml_tsh.oppc,18.98,K
data/packages/csm_armour_mp_berserk_02_legr_tsh.oppc,18.98,K
data/packages/csm_acc_iron_halo_v.oppc,18.95,K
data/packages/sm_armour_mp_mk4_shldrr_tsh.oppc,18.95,K
data/packages/csm_armour_mp_raptor_02_arml_tsh.oppc,18.94,K
data/packages/sm_armour_mp_damage_legr_tsh.oppc,18.82,K
data/packages/csm_armour_mp_berserk_02_shldrl_tsh.oppc,18.81,K
data/packages/sm_armour_mp_mk4_shldrl_tsh.oppc,18.78,K
data/packages/csm_armour_mp_raptor_02_armr_tsh.oppc,18.78,K
data/packages/csm_armour_mp_berserk_02_arml_tsh.oppc,18.77,K
data/packages/sm_armour_mp_master_001_armr_tsh.oppc,18.76,K
data/packages/csm_armour_mp_berserk_02_armr_tsh.oppc,18.71,K
data/packages/csm_armour_mp_havoc_01_legr_tsh.oppc,18.62,K
data/packages/sm_armour_mp_veteran_armr_tsh.oppc,18.57,K
data/packages/sm_armour_mp_mk8_legl_tsh.oppc,18.54,K
data/packages/sm_armour_mp_veteran_shldrr_tsh.oppc,18.51,K
data/packages/sm_armour_mp_mk6_legl_tsh.oppc,18.5,K
data/packages/sm_armour_mp_mk6_legr_tsh.oppc,18.47,K
data/packages/sm_armour_mp_relic_armr_tsh.oppc,18.44,K
data/packages/csm_armour_mp_berserk_03_shldrr_tsh.oppc,18.43,K
data/packages/csm_armour_mp_berserk_02_shldrr_tsh.oppc,18.4,K
data/packages/sm_armour_mp_librarian_shldrr_tsh.oppc,18.34,K
data/packages/csm_armour_mp_berserk_01_shldrl_tsh.oppc,18.34,K
data/filenamecache.dat,18.34,K
data/packages/sm_armour_mp_relic_arml_tsh.oppc,18.33,K
data/packages/csm_armour_mp_havoc_01_legl_tsh.oppc,18.3,K
data/packages/sm_armour_mp_damage_legl_tsh.oppc,18.26,K
data/packages/sm_armour_mp_veteran_legl_tsh.oppc,18.15,K
data/packages/csm_armour_mp_havoc_01_armr_tsh.oppc,18.1,K
data/packages/sm_armour_mp_master_001_shldrr_tsh.oppc,18.09,K
data/packages/csm_armour_mp_raptor_03_arml_tsh.oppc,18.08,K
data/packages/csm_armour_mp_havoc_01_arml_tsh.oppc,18.07,K
redist/directx/NOV2007_X3DAudio_x86.cab,18.06,K
data/packages/csm_armour_mp_berserk_01_shldrr_tsh.oppc,18.04,K
data/packages/sm_armour_mp_veteran_shldrl_tsh.oppc,18.03,K
data/packages/csm_armour_mp_raptor_03_armr_tsh.oppc,18,K
data/packages/sm_armour_mp_spacewolves_shldrl_v.oppc,17.96,K
data/packages/sm_armour_mp_mk6_shldrr_v.oppc,17.95,K
data/packages/sm_armour_mp_basic_shldrl_tsh.oppc,17.92,K
data/packages/sm_armour_blacktemp_shldrr_tsh.oppc,17.88,K
data/packages/sm_armour_mp_basic_shldrr_tsh.oppc,17.86,K
data/packages/sm_armour_mp_bloodravens_shldrr_tsh.oppc,17.86,K
data/packages/sm_armour_mp_spacewolves_shldrr_v.oppc,17.83,K
data/packages/sm_armour_mp_veteran_legr_tsh.oppc,17.71,K
data/packages/csm_armour_mp_raptor_01_shldrl_tsh.oppc,17.69,K
data/packages/auto_aim_info.oppc,17.57,K
data/config/badwords.xml,15.77,K
data/packages/csm_armour_mp_havoc_01_shldrl_tsh.oppc,15.7,K
data/packages/sm_armour_mp_mk6_shldrl_tsh.oppc,15.66,K
data/packages/csm_armour_mp_havoc_01_shldrr_tsh.oppc,15.57,K
data/packages/custom_paint_decal.oppc,15.57,K
data/packages/chaos_combat_knife_mp_tsh.oppc,14.68,K
data/packages/sm_armour_mp_bloodravens_shldrr_tt2.oppc,14.41,K
skidrow.nfo,13.73,K
data/packages/sm_armour_mp_mk6_shldrr_tsh.oppc,13.44,K
data/packages/camera_curve_settings.oppc,12.9,K
data/packages/sm_armour_mp_librarian_belt_tt2.oppc,12.59,K
data/chunks/part_02_04__s_021_wrld.oppc,11.99,K
data/packages/ebp_sets.oppc,11.94,K
data/packages/sm_armour_mp_spacewolves_cloth_tsh.oppc,11.75,K
data/packages/sm_imperialfists_a_dif.oppc,11.69,K
data/packages/custom_paint_colour.oppc,11.59,K
data/packages/powersword_basic_tsh.oppc,11.58,K
data/packages/sm_imperialfists_dif.oppc,11.58,K
data/packages/sm_hawklords_dif.oppc,11.35,K
data/packages/sm_ravenguard_a_dif.oppc,11.32,K
data/packages/sm_redscorpions_dif.oppc,11.3,K
data/packages/sm_ravenguard_dif.oppc,11.22,K
data/packages/sm_redscorpions_a_dif.oppc,10.93,K
data/packages/sm_redscorpions_a2_dif.oppc,10.89,K
data/packages/sm_omegamarines_dif.oppc,10.87,K
data/packages/rank_devastator_dif.oppc,10.79,K
data/packages/rank_assault_dif.oppc,10.72,K
data/chunks/part_01__s_006_wrld.oppc,10.72,K
data/packages/sm_praetorsorpheus.oppc,10.62,K
data/packages/csm_deathguard.oppc,10.58,K
data/packages/sm_omegamarines_a_dif.oppc,10.58,K
data/packages/sm_custom02_dif.oppc,10.53,K
data/packages/csm_wordbearers.oppc,10.49,K
data/packages/sm_custom02_a_dif.oppc,10.48,K
data/packages/csm_worldeaters.oppc,10.46,K
data/packages/sm_darkangels_a_dif.oppc,10.44,K
data/packages/sm_ultramarines_dif.oppc,10.38,K
data/packages/sm_ultramarines_a_dif.oppc,10.37,K
data/packages/sm_knightsgryphonne_a_dif.oppc,10.36,K
data/packages/csm_thepurge.oppc,10.35,K
data/packages/sm_knightsgryphonne_dif.oppc,10.35,K
data/packages/sm_darkangels_dif.oppc,10.32,K
data/packages/sm_angelssanguine_dif.oppc,10.25,K
data/packages/sm_scythesoftheemperor.oppc,10.15,K
data/packages/sm_brazenclaws_dif.oppc,10.13,K
data/packages/sm_blacktemplars_dif.oppc,10.13,K
data/packages/sm_praetorsorpheus_a.oppc,10.07,K
data/packages/sm_spacewolves_a_dif.oppc,10.05,K
data/packages/csm_blacklegion.oppc,10.04,K
data/packages/csm_nightlords.oppc,10.01,K
data/packages/grenade_guardsman.oppc,10,K
data/packages/sm_spacewolves_dif.oppc,9.98,K
data/packages/sm_angelsofredemption_dif.oppc,9.97,K
data/packages/rank_tactical_dif.oppc,9.92,K
data/packages/sm_novamarines_a_dif.oppc,9.85,K
data/config/contentmanagement.xml,9.84,K
data/packages/sm_novamarines_dif.oppc,9.82,K
data/packages/sm_relictors_dif.oppc,9.8,K
data/packages/sm_relictors_a_dif.oppc,9.76,K
data/packages/sm_whitescars_dif.oppc,9.69,K
data/packages/csm_alphalegion.oppc,9.67,K
data/packages/grenade.oppc,9.55,K
data/packages/sm_crimsonfists_dif.oppc,9.5,K
data/packages/sm_brazenclaws_a2_dif.oppc,9.5,K
data/packages/sm_scythesoftheemperor_a.oppc,9.48,K
data/packages/sm_rank_sarge_red_skull_dif.oppc,9.48,K
data/packages/sm_sonsofmedusa_dif.oppc,9.48,K
data/packages/sm_scythesoftheemperor_a2.oppc,9.47,K
data/packages/sm_angelsofredemption_a_dif.oppc,9.46,K
data/packages/sm_angelssanguine_a_dif.oppc,9.44,K
data/packages/sm_custom05_a_dif.oppc,9.44,K
data/packages/csm_thousandsons.oppc,9.43,K
data/packages/sm_blacktemplars_a_dif.oppc,9.42,K
data/packages/sm_custom05_dif.oppc,9.42,K
data/packages/sm_brazenclaws_a_dif.oppc,9.38,K
data/packages/badart.oppc,9.36,K
data/packages/sm_bloodangels_a_dif.oppc,9.34,K
data/packages/sm_bloodangels_dif.oppc,9.33,K
data/packages/sm_custom03_a_dif.oppc,9.31,K
data/packages/sm_whitescars_a2_dif.oppc,9.31,K
data/packages/sm_custom03_dif.oppc,9.31,K
data/packages/sm_whitescars_a_dif.oppc,9.31,K
data/packages/sm_marauders_dif.oppc,9.28,K
data/packages/sm_sonsofmedusa_a_dif.oppc,9.26,K
data/packages/sm_revilers_a2_dif.oppc,9.13,K
data/packages/sm_revilers_a_dif.oppc,9.11,K
data/packages/sm_custom04_dif.oppc,9.11,K
data/packages/havok_cinematic_mira.oppc,9.1,K
data/packages/csm_skyrarsdarkwolves.oppc,9.08,K
data/packages/sm_revilers_dif.oppc,9.08,K
data/packages/sm_custom04_a_dif.oppc,9.05,K
data/packages/sm_doomeagles_a.oppc,9.05,K
data/packages/sm_darkhunters_a_dif.oppc,9.04,K
data/packages/sm_bloodravens_dif.oppc,9.04,K
data/packages/sm_darkhunters_dif.oppc,9.03,K
data/packages/sm_doomeagles.oppc,9.01,K
data/packages/csm_chosenofnemeroth.oppc,8.92,K
data/packages/havok_cinematic_warboss.oppc,8.91,K
data/packages/sm_salamanders_dif.oppc,8.91,K
data/packages/sm_bloodravens_a_dif.oppc,8.87,K
data/packages/sm_salamanders_a_dif.oppc,8.86,K
data/packages/havok_cinematic_drogan.oppc,8.86,K
data/packages/havok_cinematic_titus.oppc,8.86,K
data/packages/havok_cinematic_demon_prince.oppc,8.83,K
data/packages/sm_stormlords_a_dif.oppc,8.79,K
data/packages/csm_emperorschildren.oppc,8.78,K
data/packages/sm_stormlords_a2_dif.oppc,8.77,K
data/packages/havok_cinematic_chaos_lord.oppc,8.77,K
data/packages/havok_cinematic_leandros.oppc,8.75,K
data/packages/havok_cinematic_thrax.oppc,8.71,K
data/packages/havok_cinematic_sidonus.oppc,8.69,K
data/packages/csm_flawlesshost.oppc,8.67,K
data/packages/havok_guardsman_cinematic.oppc,8.66,K
data/packages/sm_celestiallions_a.oppc,8.61,K
data/packages/sm_bloodravens_a2_dif.oppc,8.6,K
data/packages/sm_celestiallions.oppc,8.6,K
data/chunks/part_02_04__s_010_wrld.oppc,8.59,K
data/packages/sm_celestiallions_a2.oppc,8.57,K
data/packages/sm_stormlords_dif.oppc,8.54,K
data/packages/csm_knightsofblood.oppc,8.5,K
data/chunks/part_02_04__s_011_wrld.oppc,8.48,K
data/packages/badentity.oppc,8.44,K
data/packages/sm_darksons_dif.oppc,8.41,K
data/packages/sm_angelssanguine_a2_dif.oppc,8.32,K
data/packages/csm_ironwarriors.oppc,8.25,K
data/packages/sm_taurans_a_dif.oppc,8.18,K
data/packages/sm_ironhands_dif.oppc,8.17,K
data/chunks/part_02_04__s_012_rgn_700_airlock.oppc,8.16,K
data/packages/sm_darksons_a2_dif.oppc,8.15,K
data/packages/sm_darksons_a_dif.oppc,8.12,K
data/packages/sm_taurans_dif.oppc,8.06,K
data/packages/dismemberment_point.oppc,8.03,K
data/packages/csm_angelsofextacy.oppc,7.97,K
data/packages/csm_redcorsairs.oppc,7.75,K
data/packages/mp_armor_set.oppc,7.7,K
data/packages/sm_redtemplars_dif.oppc,7.64,K
data/packages/sm_hawklords_a_dif.oppc,7.56,K
data/packages/sm_hawklords_a2_dif.oppc,7.49,K
data/packages/sm_ironhands_a_dif.oppc,7.33,K
data/packages/sm_custom01_dif.oppc,7.26,K
data/packages/sm_redtemplars_a_dif.oppc,7.26,K
data/packages/sm_custom01_a_dif.oppc,7.21,K
data/packages/sm_marauders_a_dif.oppc,7.1,K
data/packages/sm_marauders_a2_dif.oppc,7.06,K
data/packages/sm_stormgiants_dif.oppc,6.9,K
data/packages/sphere.oppc,6.79,K
data/packages/stat.oppc,6.78,K
data/packages/csm_chaosstar_dif.oppc,6.61,K
data/packages/chaos_hell_talon_launcher.oppc,6.6,K
data/chunks/part_01__s_004_l_triggers.oppc,6.51,K
data/chunks/mp_tdm_17__mp_tdm_17.oppc,6.42,K
data/chunks/mp_tdm_09__mp_tdm_09.oppc,6.4,K
data/chunks/ui_crane_cargo__ui_crane_cargo.oppc,6.39,K
data/chunks/mp_tdm_18__mp_tdm_18.oppc,6.36,K
data/chunks/mp_tdm_11__mp_tdm_11.oppc,6.28,K
data/chunks/mp_tdm_01__mp_tdm_01.oppc,6.2,K
data/packages/bezier_curve.oppc,6.19,K
data/chunks/part_03__s_016_triggers.oppc,6.05,K
data/chunks/part_02_04__s_009_wrld.oppc,5.99,K
data/chunks/part_03__s_014_l_triggers.oppc,5.98,K
data/chunks/part_01__s_005_l_triggers.oppc,5.96,K
data/packages/hit_screen_effects.oppc,5.95,K
data/packages/action.oppc,5.68,K
data/packages/wargear_set.oppc,5.68,K
data/chunks/part_05__s_032_wrld.oppc,5.59,K
data/packages/ssdecalbox.oppc,5.51,K
data/packages/sm_stormgiants_a_dif.oppc,5.47,K
data/packages/sm_stormgiants_a2_dif.oppc,5.4,K
data/packages/camera_melee_settings.oppc,5.25,K
data/packages/camera_input_tuning.oppc,5.17,K
data/packages/multiplayer_map.oppc,5.15,K
data/chunks/part_03__s_018_sky.oppc,5.13,K
data/packages/character_reaction_mapper.oppc,5.11,K
data/packages/scripts.obsp,5.08,K
data/chunks/part_01__s_006_r450_entrance.oppc,5.02,K
data/packages/target_rating_info.oppc,4.88,K
data/chunks/part_01__s_006_r450_exit.oppc,4.8,K
data/chunks/part_02_04__s_020_wrld.oppc,4.79,K
data/chunks/part_01__s_003_l_triggers.oppc,4.79,K
data/chunks/part_02_04__s_012_r000_triggers.oppc,4.77,K
data/chunks/part_02_04__s_013_triggers.oppc,4.77,K
data/chunks/part_02_04__s_007_l_triggers.oppc,4.77,K
data/chunks/part_02_04__s_022_l_triggers.oppc,4.77,K
data/packages/input_mini_game.oppc,4.77,K
data/chunks/part_03__s_015_l_triggers.oppc,4.75,K
data/chunks/part_02_04__s_008_ebpset.oppc,4.75,K
data/chunks/part_02_04__s_024_ebpset.oppc,4.75,K
data/chunks/part_02_04__s_023_ebpset.oppc,4.75,K
data/chunks/part_01__s_001_r001_intro_2.oppc,4.75,K
data/chunks/part_03__s_016_ebpset19.oppc,4.75,K
data/chunks/part_03__s_016_ebpset17.oppc,4.75,K
data/packages/camera_marker_settings.oppc,4.74,K
data/packages/invisible_projectile.oppc,4.71,K
data/packages/gore_description.oppc,4.37,K
data/packages/camera_controlled_flight_settings.oppc,4.37,K
data/packages/glow_info.oppc,4.25,K
data/packages/unique_moment_info.oppc,4.18,K
data/packages/csm_armor_berserk_001_backpack_wg.oppc,4.15,K
data/packages/blank.oppc,4.12,K
data/config/aibehaviour/behaviourtypes.xml,3.03,K
data/config/fonts.xml,2.3,K
data/config/graphicsdb.xml,2.27,K
sr-w40sm.sfv,1.82,K
data/config/audio.cfg,1.33,K
data/config/w40k_sm_quickmatch_tuning_file.xml,1.22,K
signatures.2048exp65537.dat,505,B
streamingaudio/ui_fe.pck,286,B
streamingaudio/air_rgn_ttl_350.pck,286,B
streamingaudio/ingame_default_common.pck,286,B
streamingaudio/weapons.pck,286,B
streamingaudio/speech_ram_old.pck,286,B
data/config/w40k_sm_quickmatch_tuning_file.xml.sig,256,B
data/config/contentmanagement.xml.sig,256,B
SKIDROW.ini,231,B
data/config/w40k_sm_ticker_file.xml,138,B
www.TankaNer.com.nfo,57,B
data/config/contentmanagement.xml.chk,32,B
data/config/w40k_sm_quickmatch_tuning_file.xml.chk,32,B
data/config/localStorage.cfg,0,B
