Filename,Size,Unit
cover1.jpg,146.67,K
cover2.jpg,136.07,K
cover3.jpg,126.22,K
cover4.jpg,142.08,K
InnocentHigh_StevieShae_DefacedHerFace.wmv,250.69,M
InnocentHigh_StevieShae_DefacedHerFace.wmv.jpg,1.93,M
