Title,Type,Files,Size,IMDB,Spoken Languages,Texted Languages,Tags,Quality (+),Quality (-),Uploaded,By,User Type,Seeders,Leechers,Info Hash,Picture,Capture Date
Death At A Funeral *2010* [DVDRip.XviD-miguel] [ENG],201,7,705.09 MiB (739345097 Bytes),http://www.imdb.com/title/tt1321509/,English,Polish,"""death"",""funeral"",""2010"",""comedy""",4,0,2011-05-12T10:51:25Z,miguel1983,[V],156,27,8A9434D96CDB72175EF37520AE2FE1F3C9DDAF1B,http://image.bayimg.com/oaijcaada.jpg,2012-06-21T07:37:51Z
