User Type,Username,Date,Text
,cctrjnscc,2012-05-19T09:35Z,thanks!
