User Type,Username,Date,Text
,cskoufars,2011-03-02T10:14Z,"no body is seeding
PLEASE SEED"
,dedok98,2011-03-09T11:05Z,how can i seed?
