Filename,Size,Unit
Hostel Part III 2011 DVDRiP X264-RiPRG.mkv,700.67,M
Sample.mkv,4.54,M
