Filename,Size,Unit
3 Doors Down - Be Like That.lrc,3.92,K
