Filename,Size,Unit
Anale Da Urlo .avi,698.45,M
Screen Anale Da Urlo .jpg,816.84,K
Front.jpg,77.85,K
Back.jpg,59.99,K
