Filename,Size,Unit
304-angerfist_-_dance_with_the_wolves_(randy_and_radium_remix)-sob.mp3,11.16,M
306-angerfist_-_no_escape_from_my_wrath_(eastside_connection_remix)-sob.mp3,10.82,M
111-angerfist_ft._outblast_and_mc_tha_watcher_-_the_voice_of_mayhem-sob.mp3,10.73,M
209-angerfist_ft._predator_-_the_milition-sob.mp3,10.15,M
208-angerfist_ft._outblast_-_delusion-sob.mp3,10.06,M
305-angerfist_ft._dazzler_-_conflict-sob.mp3,9.9,M
110-angerfist_ft._rudeboy_and_mc_syco_-_take_the_power-sob.mp3,9.69,M
309-angerfist_ft._vince_-_no_fucking_anticipation_(accelarator_remix)-sob.mp3,9.62,M
104-angerfist_ft._radium_-_assault-sob.mp3,9.56,M
105-angerfist_-_incoming-sob.mp3,9.52,M
307-angerfist_-_in_a_million_years_(nosferatu_remix)-sob.mp3,9.5,M
302-angerfist_ft._dyprax_-_the_pearly_gates-sob.mp3,9.34,M
202-angerfist_ft._dyprax_-_the_before-sob.mp3,9.29,M
308-angerfist_ft._mad_dog_and_predator_-_dont_fuck_around-sob.mp3,9.29,M
310-angerfist_ft._tieum_-_shitty_rave_track-sob.mp3,9.23,M
101-angerfist_-_perfect_fury-sob.mp3,9.09,M
210-angerfist_ft._outblast_-_odious-sob.mp3,9.08,M
215-angerfist_-_my_critic_fetish_(akira_remix)-sob.mp3,9.01,M
103-angerfist_-_the_depths_of_despair-sob.mp3,8.96,M
203-angerfist_-_the_ugly_side_of_life_(as_part_of_the_supreme_team)-sob.mp3,8.87,M
213-angerfist_ft._tieum_-_just_know-sob.mp3,8.79,M
107-angerfist_-_bite_yo_style_(dyprax_rmx)-sob.mp3,8.78,M
114-angerfist_-_retaliate-sob.mp3,8.64,M
214-angerfist_-_and_jesus_wept-sob.mp3,8.57,M
112-angerfist_ft._mc_syce_-_dortmund_2011-sob.mp3,8.53,M
313-angerfist_ft._drokz_-_deathmask-sob.mp3,8.48,M
205-t-junction_and_rudeboy_-_how_soon_we_forget_(angerfist_remix)-sob.mp3,8.43,M
303-angerfist_-_still_krazy-sob.mp3,8.36,M
201-angerfist_ft._mc_da_mouth_of_madness_-_raise_your_fist_again-sob.mp3,8.32,M
206-angerfist_-_riotstarter_(state_of_emergency_remix)-sob.mp3,8.26,M
211-angerfist_-_right_through_your_head_(tieum_remix)-sob.mp3,8.22,M
102-angerfist_ft._lady_kate_-_bloodrush-sob.mp3,8.11,M
314-angerfist_-_yes_(znooptokkie_drokz_remix)-sob.mp3,8.07,M
113-angerfist_ft._t-junction_-_fatcking_with_yo_head-sob.mp3,7.99,M
212-angerfist_ft._t-junction_-_a_new_level_of_freak-sob.mp3,7.73,M
204-angerfist_-_strangle_and_mutilate_(negative_a_and_counterfeit_remix)-sob.mp3,7.65,M
311-angerfist_-_somewhere_down_the_lane-sob.mp3,7.57,M
115-angerfist_-_mafia-sob.mp3,7.18,M
301-angerfist_-_conspiracy-sob.mp3,7.1,M
109-angerfist_-_the_road_to_fame-sob.mp3,7.09,M
106-angerfist_ft._hellsystem_-_dreams-sob.mp3,6.96,M
108-angerfist_-_who_cares-sob.mp3,6.62,M
312-angerfist_-_the_murder_tune-sob.mp3,6.59,M
315-angerfist_-_fuck_the_promqueen_(remastered_2011_edit)-sob.mp3,5.99,M
207-angerfist_-_guts_full_of_lead-sob.mp3,5.68,M
www.trancezone.pun.pl.nfo,5.63,K
000-angerfist_-_retaliate-(cldm2011100)-3cd-2011-sob.nfo,4.2,K
000-angerfist_-_retaliate-(cldm2011100)-3cd-2011-sob.sfv,2.76,K
000-angerfist_-_retaliate-(cldm2011100)-3cd-2011-sob.m3u,2.32,K
200-angerfist_-_retaliate-cd2-2011-sob.m3u,870,B
300-angerfist_-_retaliate-cd3-2011-sob.m3u,839,B
100-angerfist_-_retaliate-cd1-2011-sob.m3u,708,B
