Title,Type,Files,Size,IMDB,Spoken Languages,Texted Languages,Tags,Quality (+),Quality (-),Uploaded,By,User Type,Seeders,Leechers,Info Hash,Picture,Capture Date
Surviving D-Day 2011 DiVERSiTY,201,4,1.35 GiB (1444507720 Bytes),http://www.imdb.com/title/tt1982846/,,,,0,0,2012-01-15T11:09:33Z,scenebalance,[V],3,1,8433784D4DE6C63CB30FAC2F6B7A71604390BED0,,2012-05-13T10:58:06Z
