Filename,Size,Unit
VIDEO_TS/VTS_03_1.VOB,1024,M
VIDEO_TS/VIDEO_TS.BUP,20,K
VIDEO_TS/VIDEO_TS.IFO,20,K
VIDEO_TS/VTS_01_0.BUP,96,K
VIDEO_TS/VTS_01_0.IFO,96,K
VIDEO_TS/VTS_01_0.VOB,247.64,M
VIDEO_TS/VTS_01_1.VOB,8.65,M
VIDEO_TS/VTS_02_0.BUP,18,K
VIDEO_TS/VTS_02_0.IFO,18,K
VIDEO_TS/VTS_02_0.VOB,174,K
VIDEO_TS/VTS_02_1.VOB,176.02,M
VIDEO_TS/VTS_03_0.BUP,76,K
VIDEO_TS/VTS_03_0.IFO,76,K
VIDEO_TS/VTS_03_0.VOB,174,K
NIGHTWISH.dvdid.xml,69,B
VIDEO_TS/VTS_03_2.VOB,1024,M
VIDEO_TS/VTS_03_3.VOB,1024,M
VIDEO_TS/VTS_03_4.VOB,1024,M
VIDEO_TS/VTS_03_5.VOB,261.72,M
VIDEO_TS/VTS_04_0.BUP,46,K
VIDEO_TS/VTS_04_0.IFO,46,K
VIDEO_TS/VTS_04_0.VOB,174,K
VIDEO_TS/VTS_04_1.VOB,1024,M
VIDEO_TS/VTS_04_2.VOB,215.94,M
VIDEO_TS/VTS_05_0.BUP,42,K
VIDEO_TS/VTS_05_0.IFO,42,K
VIDEO_TS/VTS_05_0.VOB,174,K
VIDEO_TS/VTS_05_1.VOB,1024,M
VIDEO_TS/VTS_05_2.VOB,546.91,M
VIDEO_TS/VTS_06_0.BUP,18,K
VIDEO_TS/VTS_06_0.IFO,18,K
VIDEO_TS/VTS_06_0.VOB,174,K
VIDEO_TS/VTS_06_1.VOB,165.04,M
VIDEO_TS/VTS_07_0.BUP,18,K
VIDEO_TS/VTS_07_0.IFO,18,K
VIDEO_TS/VTS_07_0.VOB,174,K
VIDEO_TS/VTS_07_1.VOB,79.94,M
VIDEO_TS/VTS_08_0.BUP,18,K
VIDEO_TS/VTS_08_0.IFO,18,K
VIDEO_TS/VTS_08_0.VOB,174,K
VIDEO_TS/VTS_08_1.VOB,168,K
Cover/DVD.jpeg,63.1,K
Torrent downloaded from Demonoid.me.txt,46,B
