Title,Type,Files,Size,IMDB,Spoken Languages,Texted Languages,Tags,Quality (+),Quality (-),Uploaded,By,User Type,Seeders,Leechers,Info Hash,Picture,Capture Date
German Gangbang (brunette1),506,1,35.31 MiB (37028597 Bytes),,,,"""gangbang"",""euro"",""german"",""brunette"",""ass-fuck"",""cumshots"",""anal""",0,0,2011-08-15T23:26:06Z,mimedia,,0,1,D974F338550B090766EDA1486195C823B81C4954,,2012-06-13T21:06:46Z
