Filename,Size,Unit
Read this before playing this Video .txt,192,B
torrent downloaded from www.scenetime.com.txt,192,B
[MP4]aen-where.the.road.meets.the.sun.2011.xvid.mp4,386.61,M
