Filename,Size,Unit
1.avi,699.96,M
