Filename,Size,Unit
adios.sabata-rtl.avi,699.53,M
adios.sabata-rtl.nfo,2.13,K
READ this before playing the Movie.txt,509,B
www.TorrentDay.com.txt,200,B
www.Torrenting.com.txt,509,B
